<!DOCTYPE html>
<!-- Generated by pkgdown: do not edit by hand --><html lang="en"><head><meta http-equiv="Content-Type" content="text/html; charset=UTF-8"><meta charset="utf-8"><meta http-equiv="X-UA-Compatible" content="IE=edge"><meta name="viewport" content="width=device-width, initial-scale=1, shrink-to-fit=no"><meta name="description" content="Covariance/correlation for joint distribution of an mcgf object"><title>Covariance/correlation for joint distribution of an mcgf object — ccov.mcgf • mcgf</title><script src="../deps/jquery-3.6.0/jquery-3.6.0.min.js"></script><meta name="viewport" content="width=device-width, initial-scale=1, shrink-to-fit=no"><link href="../deps/bootstrap-5.3.1/bootstrap.min.css" rel="stylesheet"><script src="../deps/bootstrap-5.3.1/bootstrap.bundle.min.js"></script><!-- Font Awesome icons --><link rel="stylesheet" href="https://cdnjs.cloudflare.com/ajax/libs/font-awesome/5.12.1/css/all.min.css" integrity="sha256-mmgLkCYLUQbXn0B1SRqzHar6dCnv9oZFPEC1g1cwlkk=" crossorigin="anonymous"><link rel="stylesheet" href="https://cdnjs.cloudflare.com/ajax/libs/font-awesome/5.12.1/css/v4-shims.min.css" integrity="sha256-wZjR52fzng1pJHwx4aV2AO3yyTOXrcDW7jBpJtTwVxw=" crossorigin="anonymous"><!-- bootstrap-toc --><script src="https://cdn.jsdelivr.net/gh/afeld/bootstrap-toc@v1.0.1/dist/bootstrap-toc.min.js" integrity="sha256-4veVQbu7//Lk5TSmc7YV48MxtMy98e26cf5MrgZYnwo=" crossorigin="anonymous"></script><!-- headroom.js --><script src="https://cdnjs.cloudflare.com/ajax/libs/headroom/0.11.0/headroom.min.js" integrity="sha256-AsUX4SJE1+yuDu5+mAVzJbuYNPHj/WroHuZ8Ir/CkE0=" crossorigin="anonymous"></script><script src="https://cdnjs.cloudflare.com/ajax/libs/headroom/0.11.0/jQuery.headroom.min.js" integrity="sha256-ZX/yNShbjqsohH1k95liqY9Gd8uOiE1S4vZc+9KQ1K4=" crossorigin="anonymous"></script><!-- clipboard.js --><script src="https://cdnjs.cloudflare.com/ajax/libs/clipboard.js/2.0.6/clipboard.min.js" integrity="sha256-inc5kl9MA1hkeYUt+EC3BhlIgyp/2jDIyBLS6k3UxPI=" crossorigin="anonymous"></script><!-- search --><script src="https://cdnjs.cloudflare.com/ajax/libs/fuse.js/6.4.6/fuse.js" integrity="sha512-zv6Ywkjyktsohkbp9bb45V6tEMoWhzFzXis+LrMehmJZZSys19Yxf1dopHx7WzIKxr5tK2dVcYmaCk2uqdjF4A==" crossorigin="anonymous"></script><script src="https://cdnjs.cloudflare.com/ajax/libs/autocomplete.js/0.38.0/autocomplete.jquery.min.js" integrity="sha512-GU9ayf+66Xx2TmpxqJpliWbT5PiGYxpaG8rfnBEk1LL8l1KGkRShhngwdXK1UgqhAzWpZHSiYPc09/NwDQIGyg==" crossorigin="anonymous"></script><script src="https://cdnjs.cloudflare.com/ajax/libs/mark.js/8.11.1/mark.min.js" integrity="sha512-5CYOlHXGh6QpOFA/TeTylKLWfB3ftPsde7AnmhuitiTX4K5SqCLBeKro6sPS8ilsz1Q4NRx3v8Ko2IBiszzdww==" crossorigin="anonymous"></script><!-- pkgdown --><script src="../pkgdown.js"></script><meta property="og:title" content="Covariance/correlation for joint distribution of an mcgf object — ccov.mcgf"><meta property="og:description" content="Covariance/correlation for joint distribution of an mcgf object"><!-- mathjax --><script src="https://cdnjs.cloudflare.com/ajax/libs/mathjax/2.7.5/MathJax.js" integrity="sha256-nvJJv9wWKEm88qvoQl9ekL2J+k/RWIsaSScxxlsrv8k=" crossorigin="anonymous"></script><script src="https://cdnjs.cloudflare.com/ajax/libs/mathjax/2.7.5/config/TeX-AMS-MML_HTMLorMML.js" integrity="sha256-84DKXVJXs0/F8OTMzX4UR909+jtl4G7SPypPavF+GfA=" crossorigin="anonymous"></script><!--[if lt IE 9]>
<script src="https://oss.maxcdn.com/html5shiv/3.7.3/html5shiv.min.js"></script>
<script src="https://oss.maxcdn.com/respond/1.4.2/respond.min.js"></script>
<![endif]--></head><body>
    <a href="#main" class="visually-hidden-focusable">Skip to contents</a>
    

    <nav class="navbar fixed-top navbar-light navbar-expand-lg bg-light"><div class="container">
    
    <a class="navbar-brand me-2" href="../index.html">mcgf</a>

    <small class="nav-text text-muted me-auto" data-bs-toggle="tooltip" data-bs-placement="bottom" title="">1.0.0.9000</small>

    
    <button class="navbar-toggler" type="button" data-bs-toggle="collapse" data-bs-target="#navbar" aria-controls="navbar" aria-expanded="false" aria-label="Toggle navigation">
      <span class="navbar-toggler-icon"></span>
    </button>

    <div id="navbar" class="collapse navbar-collapse ms-3">
      <ul class="navbar-nav me-auto"><li class="nav-item">
  <a class="nav-link" href="../articles/mcgf.html">Get started</a>
</li>
<li class="active nav-item">
  <a class="nav-link" href="../reference/index.html">Reference</a>
</li>
<li class="nav-item">
  <a class="nav-link" href="../news/index.html">Changelog</a>
</li>
      </ul><form class="form-inline my-2 my-lg-0" role="search">
        <input type="search" class="form-control me-sm-2" aria-label="Toggle navigation" name="search-input" data-search-index="../search.json" id="search-input" placeholder="Search for" autocomplete="off"></form>

      <ul class="navbar-nav"><li class="nav-item">
  <a class="external-link nav-link" href="https://github.com/tianxia-jia/mcgf/" aria-label="github">
    <span class="fab fa fab fa-github fa-lg"></span>
     
  </a>
</li>
      </ul></div>

    
  </div>
</nav><div class="container template-reference-topic">
<div class="row">
  <main id="main" class="col-md-9"><div class="page-header">
      <img src="" class="logo" alt=""><h1>Covariance/correlation for joint distribution of an <code>mcgf</code> object</h1>
      <small class="dont-index">Source: <a href="https://github.com/tianxia-jia/mcgf/blob/HEAD/R/ccov.R" class="external-link"><code>R/ccov.R</code></a></small>
      <div class="d-none name"><code>ccov.mcgf.Rd</code></div>
    </div>

    <div class="ref-description section level2">
    <p>Covariance/correlation for joint distribution of an <code>mcgf</code> object</p>
    </div>

    <div class="section level2">
    <h2 id="ref-usage">Usage<a class="anchor" aria-label="anchor" href="#ref-usage"></a></h2>
    <div class="sourceCode"><pre class="sourceCode r"><code><span><span class="co"># S3 method for mcgf</span></span>
<span><span class="fu"><a href="ccov.html">ccov</a></span><span class="op">(</span><span class="va">x</span>, model <span class="op">=</span> <span class="fu"><a href="https://rdrr.io/r/base/c.html" class="external-link">c</a></span><span class="op">(</span><span class="st">"all"</span>, <span class="st">"base"</span>, <span class="st">"empirical"</span><span class="op">)</span>, cor <span class="op">=</span> <span class="cn">FALSE</span>, <span class="va">...</span><span class="op">)</span></span></code></pre></div>
    </div>

    <div class="section level2">
    <h2 id="arguments">Arguments<a class="anchor" aria-label="anchor" href="#arguments"></a></h2>
    <dl><dt>x</dt>
<dd><p>An <code>mcgf</code> object.</p></dd>


<dt>model</dt>
<dd><p>Which model to use. One of <code>all</code>, <code>base</code>, and <code>empirical</code>.</p></dd>


<dt>cor</dt>
<dd><p>Logical; if TRUE, correlation is outputted.</p></dd>


<dt>...</dt>
<dd><p>Additional arguments. Not in use.</p></dd>

</dl></div>
    <div class="section level2">
    <h2 id="value">Value<a class="anchor" aria-label="anchor" href="#value"></a></h2>
    

<p>Joint covariance/correlation matrix.</p>
    </div>

    <div class="section level2">
    <h2 id="ref-examples">Examples<a class="anchor" aria-label="anchor" href="#ref-examples"></a></h2>
    <div class="sourceCode"><pre class="sourceCode r"><code><span class="r-in"><span><span class="fu"><a href="https://rdrr.io/r/utils/data.html" class="external-link">data</a></span><span class="op">(</span><span class="va">sim1</span><span class="op">)</span></span></span>
<span class="r-in"><span><span class="va">sim1_mcgf</span> <span class="op">&lt;-</span> <span class="fu"><a href="mcgf.html">mcgf</a></span><span class="op">(</span><span class="va">sim1</span><span class="op">$</span><span class="va">data</span>, dists <span class="op">=</span> <span class="va">sim1</span><span class="op">$</span><span class="va">dists</span><span class="op">)</span></span></span>
<span class="r-msg co"><span class="r-pr">#&gt;</span> `time` is not provided, assuming rows are equally spaced temporally.</span>
<span class="r-in"><span><span class="va">sim1_mcgf</span> <span class="op">&lt;-</span> <span class="fu"><a href="acfs.mcgf.html">add_acfs</a></span><span class="op">(</span><span class="va">sim1_mcgf</span>, lag_max <span class="op">=</span> <span class="fl">5</span><span class="op">)</span></span></span>
<span class="r-in"><span><span class="va">sim1_mcgf</span> <span class="op">&lt;-</span> <span class="fu"><a href="ccfs.mcgf.html">add_ccfs</a></span><span class="op">(</span><span class="va">sim1_mcgf</span>, lag_max <span class="op">=</span> <span class="fl">5</span><span class="op">)</span></span></span>
<span class="r-in"><span></span></span>
<span class="r-in"><span><span class="co"># Fit a separable model and store it to 'sim1_mcgf'</span></span></span>
<span class="r-in"><span><span class="va">fit_sep</span> <span class="op">&lt;-</span> <span class="fu"><a href="fit_base.html">fit_base</a></span><span class="op">(</span></span></span>
<span class="r-in"><span>    <span class="va">sim1_mcgf</span>,</span></span>
<span class="r-in"><span>    model <span class="op">=</span> <span class="st">"sep"</span>,</span></span>
<span class="r-in"><span>    lag <span class="op">=</span> <span class="fl">5</span>,</span></span>
<span class="r-in"><span>    par_init <span class="op">=</span> <span class="fu"><a href="https://rdrr.io/r/base/c.html" class="external-link">c</a></span><span class="op">(</span></span></span>
<span class="r-in"><span>        c <span class="op">=</span> <span class="fl">0.001</span>,</span></span>
<span class="r-in"><span>        gamma <span class="op">=</span> <span class="fl">0.5</span>,</span></span>
<span class="r-in"><span>        a <span class="op">=</span> <span class="fl">0.3</span>,</span></span>
<span class="r-in"><span>        alpha <span class="op">=</span> <span class="fl">0.5</span></span></span>
<span class="r-in"><span>    <span class="op">)</span>,</span></span>
<span class="r-in"><span>    par_fixed <span class="op">=</span> <span class="fu"><a href="https://rdrr.io/r/base/c.html" class="external-link">c</a></span><span class="op">(</span>nugget <span class="op">=</span> <span class="fl">0</span><span class="op">)</span></span></span>
<span class="r-in"><span><span class="op">)</span></span></span>
<span class="r-in"><span><span class="va">sim1_mcgf</span> <span class="op">&lt;-</span> <span class="fu"><a href="add_base.html">add_base</a></span><span class="op">(</span><span class="va">sim1_mcgf</span>, fit_base <span class="op">=</span> <span class="va">fit_sep</span><span class="op">)</span></span></span>
<span class="r-in"><span></span></span>
<span class="r-in"><span><span class="fu"><a href="ccov.html">ccov</a></span><span class="op">(</span><span class="va">sim1_mcgf</span>, model <span class="op">=</span> <span class="st">"base"</span><span class="op">)</span></span></span>
<span class="r-out co"><span class="r-pr">#&gt;</span>              loc1:t+0   loc2:t+0   loc3:t+0   loc4:t+0   loc5:t+0   loc6:t+0</span>
<span class="r-out co"><span class="r-pr">#&gt;</span> loc1:t+0   0.97049881 0.86397901 0.74316928 0.82576241 0.76077679 0.75096792</span>
<span class="r-out co"><span class="r-pr">#&gt;</span> loc2:t+0   0.86397901 0.95240499 0.77854406 0.90650535 0.83863841 0.73807472</span>
<span class="r-out co"><span class="r-pr">#&gt;</span> loc3:t+0   0.74316928 0.77854406 0.96213325 0.80004853 0.77419859 0.83434895</span>
<span class="r-out co"><span class="r-pr">#&gt;</span> loc4:t+0   0.82576241 0.90650535 0.80004853 0.94425364 0.86593608 0.74038961</span>
<span class="r-out co"><span class="r-pr">#&gt;</span> loc5:t+0   0.76077679 0.83863841 0.77419859 0.86593608 0.92683326 0.69391392</span>
<span class="r-out co"><span class="r-pr">#&gt;</span> loc6:t+0   0.75096792 0.73807472 0.83434895 0.74038961 0.69391392 0.99858754</span>
<span class="r-out co"><span class="r-pr">#&gt;</span> loc7:t+0   0.82177023 0.86731017 0.83263182 0.87917939 0.81697223 0.78270785</span>
<span class="r-out co"><span class="r-pr">#&gt;</span> loc8:t+0   0.64163758 0.69084736 0.60880822 0.69399895 0.72726517 0.54574698</span>
<span class="r-out co"><span class="r-pr">#&gt;</span> loc9:t+0   0.91718794 0.90519597 0.74803219 0.86160003 0.80215456 0.73017319</span>
<span class="r-out co"><span class="r-pr">#&gt;</span> loc10:t+0  0.79424743 0.86703233 0.74767901 0.87142938 0.88333330 0.68334951</span>
<span class="r-out co"><span class="r-pr">#&gt;</span> loc1:lag1  0.59739497 0.53182622 0.45746124 0.50830182 0.46829962 0.46226173</span>
<span class="r-out co"><span class="r-pr">#&gt;</span> loc2:lag1  0.53182622 0.58625724 0.47923635 0.55800350 0.51622770 0.45432526</span>
<span class="r-out co"><span class="r-pr">#&gt;</span> loc3:lag1  0.45746124 0.47923635 0.59224551 0.49247352 0.47656147 0.51358730</span>
<span class="r-out co"><span class="r-pr">#&gt;</span> loc4:lag1  0.50830182 0.55800350 0.49247352 0.58123964 0.53303090 0.45575020</span>
<span class="r-out co"><span class="r-pr">#&gt;</span> loc5:lag1  0.46829962 0.51622770 0.47656147 0.53303090 0.57051645 0.42714188</span>
<span class="r-out co"><span class="r-pr">#&gt;</span> loc6:lag1  0.46226173 0.45432526 0.51358730 0.45575020 0.42714188 0.61468512</span>
<span class="r-out co"><span class="r-pr">#&gt;</span> loc7:lag1  0.50584442 0.53387673 0.51253032 0.54118288 0.50289098 0.48179939</span>
<span class="r-out co"><span class="r-pr">#&gt;</span> loc8:lag1  0.39496294 0.42525425 0.37475468 0.42719422 0.44767139 0.33593704</span>
<span class="r-out co"><span class="r-pr">#&gt;</span> loc9:lag1  0.56457922 0.55719751 0.46045462 0.53036183 0.49376990 0.44946144</span>
<span class="r-out co"><span class="r-pr">#&gt;</span> loc10:lag1 0.48890263 0.53370571 0.46023723 0.53641233 0.54373985 0.42063891</span>
<span class="r-out co"><span class="r-pr">#&gt;</span> loc1:lag2  0.35532213 0.31632276 0.27209152 0.30233077 0.27853803 0.27494678</span>
<span class="r-out co"><span class="r-pr">#&gt;</span> loc2:lag2  0.31632276 0.34869756 0.28504304 0.33189264 0.30704498 0.27022628</span>
<span class="r-out co"><span class="r-pr">#&gt;</span> loc3:lag2  0.27209152 0.28504304 0.35225930 0.29291633 0.28345206 0.30547451</span>
<span class="r-out co"><span class="r-pr">#&gt;</span> loc4:lag2  0.30233077 0.33189264 0.29291633 0.34571316 0.31703929 0.27107381</span>
<span class="r-out co"><span class="r-pr">#&gt;</span> loc5:lag2  0.27853803 0.30704498 0.28345206 0.31703929 0.33933516 0.25405798</span>
<span class="r-out co"><span class="r-pr">#&gt;</span> loc6:lag2  0.27494678 0.27022628 0.30547451 0.27107381 0.25405798 0.36560607</span>
<span class="r-out co"><span class="r-pr">#&gt;</span> loc7:lag2  0.30086915 0.31754237 0.30484583 0.32188797 0.29911248 0.28656750</span>
<span class="r-out co"><span class="r-pr">#&gt;</span> loc8:lag2  0.23491840 0.25293525 0.22289881 0.25408911 0.26626865 0.19981063</span>
<span class="r-out co"><span class="r-pr">#&gt;</span> loc9:lag2  0.33580378 0.33141324 0.27387194 0.31545176 0.29368739 0.26733334</span>
<span class="r-out co"><span class="r-pr">#&gt;</span> loc10:lag2 0.29079241 0.31744065 0.27374263 0.31905051 0.32340881 0.25019011</span>
<span class="r-out co"><span class="r-pr">#&gt;</span> loc1:lag3  0.23422564 0.20851755 0.17936066 0.19929414 0.18361015 0.18124282</span>
<span class="r-out co"><span class="r-pr">#&gt;</span> loc2:lag3  0.20851755 0.22985878 0.18789820 0.21878110 0.20240171 0.17813110</span>
<span class="r-out co"><span class="r-pr">#&gt;</span> loc3:lag3  0.17936066 0.18789820 0.23220665 0.19308821 0.18684944 0.20136647</span>
<span class="r-out co"><span class="r-pr">#&gt;</span> loc4:lag3  0.19929414 0.21878110 0.19308821 0.22789149 0.20898988 0.17868979</span>
<span class="r-out co"><span class="r-pr">#&gt;</span> loc5:lag3  0.18361015 0.20240171 0.18684944 0.20898988 0.22368715 0.16747309</span>
<span class="r-out co"><span class="r-pr">#&gt;</span> loc6:lag3  0.18124282 0.17813110 0.20136647 0.17868979 0.16747309 0.24100473</span>
<span class="r-out co"><span class="r-pr">#&gt;</span> loc7:lag3  0.19833065 0.20932151 0.20095205 0.21218610 0.19717267 0.18890311</span>
<span class="r-out co"><span class="r-pr">#&gt;</span> loc8:lag3  0.15485642 0.16673299 0.14693320 0.16749361 0.17552227 0.13171364</span>
<span class="r-out co"><span class="r-pr">#&gt;</span> loc9:lag3  0.22135930 0.21846509 0.18053430 0.20794340 0.19359649 0.17622410</span>
<span class="r-out co"><span class="r-pr">#&gt;</span> loc10:lag3 0.19168814 0.20925446 0.18044906 0.21031567 0.21318863 0.16492341</span>
<span class="r-out co"><span class="r-pr">#&gt;</span> loc1:lag4  0.16734466 0.14897728 0.12814586 0.14238753 0.13118195 0.12949059</span>
<span class="r-out co"><span class="r-pr">#&gt;</span> loc2:lag4  0.14897728 0.16422471 0.13424559 0.15631016 0.14460776 0.12726740</span>
<span class="r-out co"><span class="r-pr">#&gt;</span> loc3:lag4  0.12814586 0.13424559 0.16590217 0.13795364 0.13349630 0.14386812</span>
<span class="r-out co"><span class="r-pr">#&gt;</span> loc4:lag4  0.14238753 0.15631016 0.13795364 0.16281916 0.14931474 0.12766656</span>
<span class="r-out co"><span class="r-pr">#&gt;</span> loc5:lag4  0.13118195 0.14460776 0.13349630 0.14931474 0.15981534 0.11965268</span>
<span class="r-out co"><span class="r-pr">#&gt;</span> loc6:lag4  0.12949059 0.12726740 0.14386812 0.12766656 0.11965268 0.17218804</span>
<span class="r-out co"><span class="r-pr">#&gt;</span> loc7:lag4  0.14169915 0.14955167 0.14357203 0.15159830 0.14087182 0.13496356</span>
<span class="r-out co"><span class="r-pr">#&gt;</span> loc8:lag4  0.11063859 0.11912391 0.10497777 0.11966734 0.12540349 0.09410402</span>
<span class="r-out co"><span class="r-pr">#&gt;</span> loc9:lag4  0.15815218 0.15608438 0.12898438 0.14856707 0.13831679 0.12590493</span>
<span class="r-out co"><span class="r-pr">#&gt;</span> loc10:lag4 0.13695335 0.14950377 0.12892348 0.15026196 0.15231457 0.11783104</span>
<span class="r-out co"><span class="r-pr">#&gt;</span> loc1:lag5  0.12662961 0.11273102 0.09696790 0.10774456 0.09926531 0.09798546</span>
<span class="r-out co"><span class="r-pr">#&gt;</span> loc2:lag5  0.11273102 0.12426875 0.10158357 0.11827981 0.10942461 0.09630317</span>
<span class="r-out co"><span class="r-pr">#&gt;</span> loc3:lag5  0.09696790 0.10158357 0.12553808 0.10438945 0.10101657 0.10886493</span>
<span class="r-out co"><span class="r-pr">#&gt;</span> loc4:lag5  0.10774456 0.11827981 0.10438945 0.12320517 0.11298638 0.09660522</span>
<span class="r-out co"><span class="r-pr">#&gt;</span> loc5:lag5  0.09926531 0.10942461 0.10101657 0.11298638 0.12093218 0.09054112</span>
<span class="r-out co"><span class="r-pr">#&gt;</span> loc6:lag5  0.09798546 0.09630317 0.10886493 0.09660522 0.09054112 0.13029460</span>
<span class="r-out co"><span class="r-pr">#&gt;</span> loc7:lag5  0.10722367 0.11316567 0.10864088 0.11471435 0.10659763 0.10212685</span>
<span class="r-out co"><span class="r-pr">#&gt;</span> loc8:lag5  0.08372016 0.09014100 0.07943662 0.09055221 0.09489275 0.07120846</span>
<span class="r-out co"><span class="r-pr">#&gt;</span> loc9:lag5  0.11967367 0.11810897 0.09760241 0.11242062 0.10466424 0.09527219</span>
<span class="r-out co"><span class="r-pr">#&gt;</span> loc10:lag5 0.10363252 0.11312942 0.09755633 0.11370314 0.11525635 0.08916269</span>
<span class="r-out co"><span class="r-pr">#&gt;</span>              loc7:t+0   loc8:t+0   loc9:t+0  loc10:t+0 loc1:lag1 loc2:lag1</span>
<span class="r-out co"><span class="r-pr">#&gt;</span> loc1:t+0   0.82177023 0.64163758 0.91718794 0.79424743 0.5973950 0.5318262</span>
<span class="r-out co"><span class="r-pr">#&gt;</span> loc2:t+0   0.86731017 0.69084736 0.90519597 0.86703233 0.5318262 0.5862572</span>
<span class="r-out co"><span class="r-pr">#&gt;</span> loc3:t+0   0.83263182 0.60880822 0.74803219 0.74767901 0.4574612 0.4792364</span>
<span class="r-out co"><span class="r-pr">#&gt;</span> loc4:t+0   0.87917939 0.69399895 0.86160003 0.87142938 0.5083018 0.5580035</span>
<span class="r-out co"><span class="r-pr">#&gt;</span> loc5:t+0   0.81697223 0.72726517 0.80215456 0.88333330 0.4682996 0.5162277</span>
<span class="r-out co"><span class="r-pr">#&gt;</span> loc6:t+0   0.78270785 0.54574698 0.73017319 0.68334951 0.4622617 0.4543253</span>
<span class="r-out co"><span class="r-pr">#&gt;</span> loc7:t+0   0.92943762 0.64696869 0.83479401 0.81143827 0.5058444 0.5338767</span>
<span class="r-out co"><span class="r-pr">#&gt;</span> loc8:t+0   0.64696869 0.90230824 0.68658155 0.76556666 0.3949629 0.4252542</span>
<span class="r-out co"><span class="r-pr">#&gt;</span> loc9:t+0   0.83479401 0.68658155 0.98144745 0.84639711 0.5645792 0.5571975</span>
<span class="r-out co"><span class="r-pr">#&gt;</span> loc10:t+0  0.81143827 0.76556666 0.84639711 0.96276319 0.4889026 0.5337057</span>
<span class="r-out co"><span class="r-pr">#&gt;</span> loc1:lag1  0.50584442 0.39496294 0.56457922 0.48890263 0.9704988 0.8639790</span>
<span class="r-out co"><span class="r-pr">#&gt;</span> loc2:lag1  0.53387673 0.42525425 0.55719751 0.53370571 0.8639790 0.9524050</span>
<span class="r-out co"><span class="r-pr">#&gt;</span> loc3:lag1  0.51253032 0.37475468 0.46045462 0.46023723 0.7431693 0.7785441</span>
<span class="r-out co"><span class="r-pr">#&gt;</span> loc4:lag1  0.54118288 0.42719422 0.53036183 0.53641233 0.8257624 0.9065053</span>
<span class="r-out co"><span class="r-pr">#&gt;</span> loc5:lag1  0.50289098 0.44767139 0.49376990 0.54373985 0.7607768 0.8386384</span>
<span class="r-out co"><span class="r-pr">#&gt;</span> loc6:lag1  0.48179939 0.33593704 0.44946144 0.42063891 0.7509679 0.7380747</span>
<span class="r-out co"><span class="r-pr">#&gt;</span> loc7:lag1  0.57211957 0.39824453 0.51386126 0.49948453 0.8217702 0.8673102</span>
<span class="r-out co"><span class="r-pr">#&gt;</span> loc8:lag1  0.39824453 0.55541996 0.42262841 0.47124805 0.6416376 0.6908474</span>
<span class="r-out co"><span class="r-pr">#&gt;</span> loc9:lag1  0.51386126 0.42262841 0.60413446 0.52100360 0.9171879 0.9051960</span>
<span class="r-out co"><span class="r-pr">#&gt;</span> loc10:lag1 0.49948453 0.47124805 0.52100360 0.59263327 0.7942474 0.8670323</span>
<span class="r-out co"><span class="r-pr">#&gt;</span> loc1:lag2  0.30086915 0.23491840 0.33580378 0.29079241 0.5973950 0.5318262</span>
<span class="r-out co"><span class="r-pr">#&gt;</span> loc2:lag2  0.31754237 0.25293525 0.33141324 0.31744065 0.5318262 0.5862572</span>
<span class="r-out co"><span class="r-pr">#&gt;</span> loc3:lag2  0.30484583 0.22289881 0.27387194 0.27374263 0.4574612 0.4792364</span>
<span class="r-out co"><span class="r-pr">#&gt;</span> loc4:lag2  0.32188797 0.25408911 0.31545176 0.31905051 0.5083018 0.5580035</span>
<span class="r-out co"><span class="r-pr">#&gt;</span> loc5:lag2  0.29911248 0.26626865 0.29368739 0.32340881 0.4682996 0.5162277</span>
<span class="r-out co"><span class="r-pr">#&gt;</span> loc6:lag2  0.28656750 0.19981063 0.26733334 0.25019011 0.4622617 0.4543253</span>
<span class="r-out co"><span class="r-pr">#&gt;</span> loc7:lag2  0.34028868 0.23687025 0.30563745 0.29708637 0.5058444 0.5338767</span>
<span class="r-out co"><span class="r-pr">#&gt;</span> loc8:lag2  0.23687025 0.33035598 0.25137343 0.28029171 0.3949629 0.4252542</span>
<span class="r-out co"><span class="r-pr">#&gt;</span> loc9:lag2  0.30563745 0.25137343 0.35933068 0.30988562 0.5645792 0.5571975</span>
<span class="r-out co"><span class="r-pr">#&gt;</span> loc10:lag2 0.29708637 0.28029171 0.30988562 0.35248994 0.4889026 0.5337057</span>
<span class="r-out co"><span class="r-pr">#&gt;</span> loc1:lag3  0.19833065 0.15485642 0.22135930 0.19168814 0.3553221 0.3163228</span>
<span class="r-out co"><span class="r-pr">#&gt;</span> loc2:lag3  0.20932151 0.16673299 0.21846509 0.20925446 0.3163228 0.3486976</span>
<span class="r-out co"><span class="r-pr">#&gt;</span> loc3:lag3  0.20095205 0.14693320 0.18053430 0.18044906 0.2720915 0.2850430</span>
<span class="r-out co"><span class="r-pr">#&gt;</span> loc4:lag3  0.21218610 0.16749361 0.20794340 0.21031567 0.3023308 0.3318926</span>
<span class="r-out co"><span class="r-pr">#&gt;</span> loc5:lag3  0.19717267 0.17552227 0.19359649 0.21318863 0.2785380 0.3070450</span>
<span class="r-out co"><span class="r-pr">#&gt;</span> loc6:lag3  0.18890311 0.13171364 0.17622410 0.16492341 0.2749468 0.2702263</span>
<span class="r-out co"><span class="r-pr">#&gt;</span> loc7:lag3  0.22431570 0.15614306 0.20147388 0.19583708 0.3008691 0.3175424</span>
<span class="r-out co"><span class="r-pr">#&gt;</span> loc8:lag3  0.15614306 0.21776815 0.16570345 0.18476616 0.2349184 0.2529352</span>
<span class="r-out co"><span class="r-pr">#&gt;</span> loc9:lag3  0.20147388 0.16570345 0.23686805 0.20427424 0.3358038 0.3314132</span>
<span class="r-out co"><span class="r-pr">#&gt;</span> loc10:lag3 0.19583708 0.18476616 0.20427424 0.23235868 0.2907924 0.3174407</span>
<span class="r-out co"><span class="r-pr">#&gt;</span> loc1:lag4  0.14169915 0.11063859 0.15815218 0.13695335 0.2342256 0.2085176</span>
<span class="r-out co"><span class="r-pr">#&gt;</span> loc2:lag4  0.14955167 0.11912391 0.15608438 0.14950377 0.2085176 0.2298588</span>
<span class="r-out co"><span class="r-pr">#&gt;</span> loc3:lag4  0.14357203 0.10497777 0.12898438 0.12892348 0.1793607 0.1878982</span>
<span class="r-out co"><span class="r-pr">#&gt;</span> loc4:lag4  0.15159830 0.11966734 0.14856707 0.15026196 0.1992941 0.2187811</span>
<span class="r-out co"><span class="r-pr">#&gt;</span> loc5:lag4  0.14087182 0.12540349 0.13831679 0.15231457 0.1836101 0.2024017</span>
<span class="r-out co"><span class="r-pr">#&gt;</span> loc6:lag4  0.13496356 0.09410402 0.12590493 0.11783104 0.1812428 0.1781311</span>
<span class="r-out co"><span class="r-pr">#&gt;</span> loc7:lag4  0.16026441 0.11155784 0.14394486 0.13991759 0.1983306 0.2093215</span>
<span class="r-out co"><span class="r-pr">#&gt;</span> loc8:lag4  0.11155784 0.15558645 0.11838835 0.13200788 0.1548564 0.1667330</span>
<span class="r-out co"><span class="r-pr">#&gt;</span> loc9:lag4  0.14394486 0.11838835 0.16923255 0.14594560 0.2213593 0.2184651</span>
<span class="r-out co"><span class="r-pr">#&gt;</span> loc10:lag4 0.13991759 0.13200788 0.14594560 0.16601079 0.1916881 0.2092545</span>
<span class="r-out co"><span class="r-pr">#&gt;</span> loc1:lag5  0.10722367 0.08372016 0.11967367 0.10363252 0.1673447 0.1489773</span>
<span class="r-out co"><span class="r-pr">#&gt;</span> loc2:lag5  0.11316567 0.09014100 0.11810897 0.11312942 0.1489773 0.1642247</span>
<span class="r-out co"><span class="r-pr">#&gt;</span> loc3:lag5  0.10864088 0.07943662 0.09760241 0.09755633 0.1281459 0.1342456</span>
<span class="r-out co"><span class="r-pr">#&gt;</span> loc4:lag5  0.11471435 0.09055221 0.11242062 0.11370314 0.1423875 0.1563102</span>
<span class="r-out co"><span class="r-pr">#&gt;</span> loc5:lag5  0.10659763 0.09489275 0.10466424 0.11525635 0.1311820 0.1446078</span>
<span class="r-out co"><span class="r-pr">#&gt;</span> loc6:lag5  0.10212685 0.07120846 0.09527219 0.08916269 0.1294906 0.1272674</span>
<span class="r-out co"><span class="r-pr">#&gt;</span> loc7:lag5  0.12127199 0.08441576 0.10892300 0.10587557 0.1416991 0.1495517</span>
<span class="r-out co"><span class="r-pr">#&gt;</span> loc8:lag5  0.08441576 0.11773218 0.08958440 0.09989029 0.1106386 0.1191239</span>
<span class="r-out co"><span class="r-pr">#&gt;</span> loc9:lag5  0.10892300 0.08958440 0.12805818 0.11043696 0.1581522 0.1560844</span>
<span class="r-out co"><span class="r-pr">#&gt;</span> loc10:lag5 0.10587557 0.09989029 0.11043696 0.12562027 0.1369533 0.1495038</span>
<span class="r-out co"><span class="r-pr">#&gt;</span>            loc3:lag1 loc4:lag1 loc5:lag1  loc6:lag1 loc7:lag1  loc8:lag1</span>
<span class="r-out co"><span class="r-pr">#&gt;</span> loc1:t+0   0.4574612 0.5083018 0.4682996 0.46226173 0.5058444 0.39496294</span>
<span class="r-out co"><span class="r-pr">#&gt;</span> loc2:t+0   0.4792364 0.5580035 0.5162277 0.45432526 0.5338767 0.42525425</span>
<span class="r-out co"><span class="r-pr">#&gt;</span> loc3:t+0   0.5922455 0.4924735 0.4765615 0.51358730 0.5125303 0.37475468</span>
<span class="r-out co"><span class="r-pr">#&gt;</span> loc4:t+0   0.4924735 0.5812396 0.5330309 0.45575020 0.5411829 0.42719422</span>
<span class="r-out co"><span class="r-pr">#&gt;</span> loc5:t+0   0.4765615 0.5330309 0.5705164 0.42714188 0.5028910 0.44767139</span>
<span class="r-out co"><span class="r-pr">#&gt;</span> loc6:t+0   0.5135873 0.4557502 0.4271419 0.61468512 0.4817994 0.33593704</span>
<span class="r-out co"><span class="r-pr">#&gt;</span> loc7:t+0   0.5125303 0.5411829 0.5028910 0.48179939 0.5721196 0.39824453</span>
<span class="r-out co"><span class="r-pr">#&gt;</span> loc8:t+0   0.3747547 0.4271942 0.4476714 0.33593704 0.3982445 0.55541996</span>
<span class="r-out co"><span class="r-pr">#&gt;</span> loc9:t+0   0.4604546 0.5303618 0.4937699 0.44946144 0.5138613 0.42262841</span>
<span class="r-out co"><span class="r-pr">#&gt;</span> loc10:t+0  0.4602372 0.5364123 0.5437398 0.42063891 0.4994845 0.47124805</span>
<span class="r-out co"><span class="r-pr">#&gt;</span> loc1:lag1  0.7431693 0.8257624 0.7607768 0.75096792 0.8217702 0.64163758</span>
<span class="r-out co"><span class="r-pr">#&gt;</span> loc2:lag1  0.7785441 0.9065053 0.8386384 0.73807472 0.8673102 0.69084736</span>
<span class="r-out co"><span class="r-pr">#&gt;</span> loc3:lag1  0.9621333 0.8000485 0.7741986 0.83434895 0.8326318 0.60880822</span>
<span class="r-out co"><span class="r-pr">#&gt;</span> loc4:lag1  0.8000485 0.9442536 0.8659361 0.74038961 0.8791794 0.69399895</span>
<span class="r-out co"><span class="r-pr">#&gt;</span> loc5:lag1  0.7741986 0.8659361 0.9268333 0.69391392 0.8169722 0.72726517</span>
<span class="r-out co"><span class="r-pr">#&gt;</span> loc6:lag1  0.8343490 0.7403896 0.6939139 0.99858754 0.7827078 0.54574698</span>
<span class="r-out co"><span class="r-pr">#&gt;</span> loc7:lag1  0.8326318 0.8791794 0.8169722 0.78270785 0.9294376 0.64696869</span>
<span class="r-out co"><span class="r-pr">#&gt;</span> loc8:lag1  0.6088082 0.6939989 0.7272652 0.54574698 0.6469687 0.90230824</span>
<span class="r-out co"><span class="r-pr">#&gt;</span> loc9:lag1  0.7480322 0.8616000 0.8021546 0.73017319 0.8347940 0.68658155</span>
<span class="r-out co"><span class="r-pr">#&gt;</span> loc10:lag1 0.7476790 0.8714294 0.8833333 0.68334951 0.8114383 0.76556666</span>
<span class="r-out co"><span class="r-pr">#&gt;</span> loc1:lag2  0.4574612 0.5083018 0.4682996 0.46226173 0.5058444 0.39496294</span>
<span class="r-out co"><span class="r-pr">#&gt;</span> loc2:lag2  0.4792364 0.5580035 0.5162277 0.45432526 0.5338767 0.42525425</span>
<span class="r-out co"><span class="r-pr">#&gt;</span> loc3:lag2  0.5922455 0.4924735 0.4765615 0.51358730 0.5125303 0.37475468</span>
<span class="r-out co"><span class="r-pr">#&gt;</span> loc4:lag2  0.4924735 0.5812396 0.5330309 0.45575020 0.5411829 0.42719422</span>
<span class="r-out co"><span class="r-pr">#&gt;</span> loc5:lag2  0.4765615 0.5330309 0.5705164 0.42714188 0.5028910 0.44767139</span>
<span class="r-out co"><span class="r-pr">#&gt;</span> loc6:lag2  0.5135873 0.4557502 0.4271419 0.61468512 0.4817994 0.33593704</span>
<span class="r-out co"><span class="r-pr">#&gt;</span> loc7:lag2  0.5125303 0.5411829 0.5028910 0.48179939 0.5721196 0.39824453</span>
<span class="r-out co"><span class="r-pr">#&gt;</span> loc8:lag2  0.3747547 0.4271942 0.4476714 0.33593704 0.3982445 0.55541996</span>
<span class="r-out co"><span class="r-pr">#&gt;</span> loc9:lag2  0.4604546 0.5303618 0.4937699 0.44946144 0.5138613 0.42262841</span>
<span class="r-out co"><span class="r-pr">#&gt;</span> loc10:lag2 0.4602372 0.5364123 0.5437398 0.42063891 0.4994845 0.47124805</span>
<span class="r-out co"><span class="r-pr">#&gt;</span> loc1:lag3  0.2720915 0.3023308 0.2785380 0.27494678 0.3008691 0.23491840</span>
<span class="r-out co"><span class="r-pr">#&gt;</span> loc2:lag3  0.2850430 0.3318926 0.3070450 0.27022628 0.3175424 0.25293525</span>
<span class="r-out co"><span class="r-pr">#&gt;</span> loc3:lag3  0.3522593 0.2929163 0.2834521 0.30547451 0.3048458 0.22289881</span>
<span class="r-out co"><span class="r-pr">#&gt;</span> loc4:lag3  0.2929163 0.3457132 0.3170393 0.27107381 0.3218880 0.25408911</span>
<span class="r-out co"><span class="r-pr">#&gt;</span> loc5:lag3  0.2834521 0.3170393 0.3393352 0.25405798 0.2991125 0.26626865</span>
<span class="r-out co"><span class="r-pr">#&gt;</span> loc6:lag3  0.3054745 0.2710738 0.2540580 0.36560607 0.2865675 0.19981063</span>
<span class="r-out co"><span class="r-pr">#&gt;</span> loc7:lag3  0.3048458 0.3218880 0.2991125 0.28656750 0.3402887 0.23687025</span>
<span class="r-out co"><span class="r-pr">#&gt;</span> loc8:lag3  0.2228988 0.2540891 0.2662686 0.19981063 0.2368702 0.33035598</span>
<span class="r-out co"><span class="r-pr">#&gt;</span> loc9:lag3  0.2738719 0.3154518 0.2936874 0.26733334 0.3056375 0.25137343</span>
<span class="r-out co"><span class="r-pr">#&gt;</span> loc10:lag3 0.2737426 0.3190505 0.3234088 0.25019011 0.2970864 0.28029171</span>
<span class="r-out co"><span class="r-pr">#&gt;</span> loc1:lag4  0.1793607 0.1992941 0.1836101 0.18124282 0.1983306 0.15485642</span>
<span class="r-out co"><span class="r-pr">#&gt;</span> loc2:lag4  0.1878982 0.2187811 0.2024017 0.17813110 0.2093215 0.16673299</span>
<span class="r-out co"><span class="r-pr">#&gt;</span> loc3:lag4  0.2322067 0.1930882 0.1868494 0.20136647 0.2009520 0.14693320</span>
<span class="r-out co"><span class="r-pr">#&gt;</span> loc4:lag4  0.1930882 0.2278915 0.2089899 0.17868979 0.2121861 0.16749361</span>
<span class="r-out co"><span class="r-pr">#&gt;</span> loc5:lag4  0.1868494 0.2089899 0.2236872 0.16747309 0.1971727 0.17552227</span>
<span class="r-out co"><span class="r-pr">#&gt;</span> loc6:lag4  0.2013665 0.1786898 0.1674731 0.24100473 0.1889031 0.13171364</span>
<span class="r-out co"><span class="r-pr">#&gt;</span> loc7:lag4  0.2009520 0.2121861 0.1971727 0.18890311 0.2243157 0.15614306</span>
<span class="r-out co"><span class="r-pr">#&gt;</span> loc8:lag4  0.1469332 0.1674936 0.1755223 0.13171364 0.1561431 0.21776815</span>
<span class="r-out co"><span class="r-pr">#&gt;</span> loc9:lag4  0.1805343 0.2079434 0.1935965 0.17622410 0.2014739 0.16570345</span>
<span class="r-out co"><span class="r-pr">#&gt;</span> loc10:lag4 0.1804491 0.2103157 0.2131886 0.16492341 0.1958371 0.18476616</span>
<span class="r-out co"><span class="r-pr">#&gt;</span> loc1:lag5  0.1281459 0.1423875 0.1311820 0.12949059 0.1416991 0.11063859</span>
<span class="r-out co"><span class="r-pr">#&gt;</span> loc2:lag5  0.1342456 0.1563102 0.1446078 0.12726740 0.1495517 0.11912391</span>
<span class="r-out co"><span class="r-pr">#&gt;</span> loc3:lag5  0.1659022 0.1379536 0.1334963 0.14386812 0.1435720 0.10497777</span>
<span class="r-out co"><span class="r-pr">#&gt;</span> loc4:lag5  0.1379536 0.1628192 0.1493147 0.12766656 0.1515983 0.11966734</span>
<span class="r-out co"><span class="r-pr">#&gt;</span> loc5:lag5  0.1334963 0.1493147 0.1598153 0.11965268 0.1408718 0.12540349</span>
<span class="r-out co"><span class="r-pr">#&gt;</span> loc6:lag5  0.1438681 0.1276666 0.1196527 0.17218804 0.1349636 0.09410402</span>
<span class="r-out co"><span class="r-pr">#&gt;</span> loc7:lag5  0.1435720 0.1515983 0.1408718 0.13496356 0.1602644 0.11155784</span>
<span class="r-out co"><span class="r-pr">#&gt;</span> loc8:lag5  0.1049778 0.1196673 0.1254035 0.09410402 0.1115578 0.15558645</span>
<span class="r-out co"><span class="r-pr">#&gt;</span> loc9:lag5  0.1289844 0.1485671 0.1383168 0.12590493 0.1439449 0.11838835</span>
<span class="r-out co"><span class="r-pr">#&gt;</span> loc10:lag5 0.1289235 0.1502620 0.1523146 0.11783104 0.1399176 0.13200788</span>
<span class="r-out co"><span class="r-pr">#&gt;</span>            loc9:lag1 loc10:lag1 loc1:lag2 loc2:lag2 loc3:lag2 loc4:lag2</span>
<span class="r-out co"><span class="r-pr">#&gt;</span> loc1:t+0   0.5645792  0.4889026 0.3553221 0.3163228 0.2720915 0.3023308</span>
<span class="r-out co"><span class="r-pr">#&gt;</span> loc2:t+0   0.5571975  0.5337057 0.3163228 0.3486976 0.2850430 0.3318926</span>
<span class="r-out co"><span class="r-pr">#&gt;</span> loc3:t+0   0.4604546  0.4602372 0.2720915 0.2850430 0.3522593 0.2929163</span>
<span class="r-out co"><span class="r-pr">#&gt;</span> loc4:t+0   0.5303618  0.5364123 0.3023308 0.3318926 0.2929163 0.3457132</span>
<span class="r-out co"><span class="r-pr">#&gt;</span> loc5:t+0   0.4937699  0.5437398 0.2785380 0.3070450 0.2834521 0.3170393</span>
<span class="r-out co"><span class="r-pr">#&gt;</span> loc6:t+0   0.4494614  0.4206389 0.2749468 0.2702263 0.3054745 0.2710738</span>
<span class="r-out co"><span class="r-pr">#&gt;</span> loc7:t+0   0.5138613  0.4994845 0.3008691 0.3175424 0.3048458 0.3218880</span>
<span class="r-out co"><span class="r-pr">#&gt;</span> loc8:t+0   0.4226284  0.4712480 0.2349184 0.2529352 0.2228988 0.2540891</span>
<span class="r-out co"><span class="r-pr">#&gt;</span> loc9:t+0   0.6041345  0.5210036 0.3358038 0.3314132 0.2738719 0.3154518</span>
<span class="r-out co"><span class="r-pr">#&gt;</span> loc10:t+0  0.5210036  0.5926333 0.2907924 0.3174407 0.2737426 0.3190505</span>
<span class="r-out co"><span class="r-pr">#&gt;</span> loc1:lag1  0.9171879  0.7942474 0.5973950 0.5318262 0.4574612 0.5083018</span>
<span class="r-out co"><span class="r-pr">#&gt;</span> loc2:lag1  0.9051960  0.8670323 0.5318262 0.5862572 0.4792364 0.5580035</span>
<span class="r-out co"><span class="r-pr">#&gt;</span> loc3:lag1  0.7480322  0.7476790 0.4574612 0.4792364 0.5922455 0.4924735</span>
<span class="r-out co"><span class="r-pr">#&gt;</span> loc4:lag1  0.8616000  0.8714294 0.5083018 0.5580035 0.4924735 0.5812396</span>
<span class="r-out co"><span class="r-pr">#&gt;</span> loc5:lag1  0.8021546  0.8833333 0.4682996 0.5162277 0.4765615 0.5330309</span>
<span class="r-out co"><span class="r-pr">#&gt;</span> loc6:lag1  0.7301732  0.6833495 0.4622617 0.4543253 0.5135873 0.4557502</span>
<span class="r-out co"><span class="r-pr">#&gt;</span> loc7:lag1  0.8347940  0.8114383 0.5058444 0.5338767 0.5125303 0.5411829</span>
<span class="r-out co"><span class="r-pr">#&gt;</span> loc8:lag1  0.6865816  0.7655667 0.3949629 0.4252542 0.3747547 0.4271942</span>
<span class="r-out co"><span class="r-pr">#&gt;</span> loc9:lag1  0.9814475  0.8463971 0.5645792 0.5571975 0.4604546 0.5303618</span>
<span class="r-out co"><span class="r-pr">#&gt;</span> loc10:lag1 0.8463971  0.9627632 0.4889026 0.5337057 0.4602372 0.5364123</span>
<span class="r-out co"><span class="r-pr">#&gt;</span> loc1:lag2  0.5645792  0.4889026 0.9704988 0.8639790 0.7431693 0.8257624</span>
<span class="r-out co"><span class="r-pr">#&gt;</span> loc2:lag2  0.5571975  0.5337057 0.8639790 0.9524050 0.7785441 0.9065053</span>
<span class="r-out co"><span class="r-pr">#&gt;</span> loc3:lag2  0.4604546  0.4602372 0.7431693 0.7785441 0.9621333 0.8000485</span>
<span class="r-out co"><span class="r-pr">#&gt;</span> loc4:lag2  0.5303618  0.5364123 0.8257624 0.9065053 0.8000485 0.9442536</span>
<span class="r-out co"><span class="r-pr">#&gt;</span> loc5:lag2  0.4937699  0.5437398 0.7607768 0.8386384 0.7741986 0.8659361</span>
<span class="r-out co"><span class="r-pr">#&gt;</span> loc6:lag2  0.4494614  0.4206389 0.7509679 0.7380747 0.8343490 0.7403896</span>
<span class="r-out co"><span class="r-pr">#&gt;</span> loc7:lag2  0.5138613  0.4994845 0.8217702 0.8673102 0.8326318 0.8791794</span>
<span class="r-out co"><span class="r-pr">#&gt;</span> loc8:lag2  0.4226284  0.4712480 0.6416376 0.6908474 0.6088082 0.6939989</span>
