<!DOCTYPE html>
<!-- Generated by pkgdown: do not edit by hand --><html lang="en"><head><meta http-equiv="Content-Type" content="text/html; charset=UTF-8"><meta charset="utf-8"><meta http-equiv="X-UA-Compatible" content="IE=edge"><meta name="viewport" content="width=device-width, initial-scale=1, shrink-to-fit=no"><meta name="description" content="Covariance/correlation for joint distribution of an mcgf_rsobject"><title>Covariance/correlation for joint distribution of an mcgf_rsobject — ccov.mcgf_rs • mcgf</title><script src="../deps/jquery-3.6.0/jquery-3.6.0.min.js"></script><meta name="viewport" content="width=device-width, initial-scale=1, shrink-to-fit=no"><link href="../deps/bootstrap-5.3.1/bootstrap.min.css" rel="stylesheet"><script src="../deps/bootstrap-5.3.1/bootstrap.bundle.min.js"></script><!-- Font Awesome icons --><link rel="stylesheet" href="https://cdnjs.cloudflare.com/ajax/libs/font-awesome/5.12.1/css/all.min.css" integrity="sha256-mmgLkCYLUQbXn0B1SRqzHar6dCnv9oZFPEC1g1cwlkk=" crossorigin="anonymous"><link rel="stylesheet" href="https://cdnjs.cloudflare.com/ajax/libs/font-awesome/5.12.1/css/v4-shims.min.css" integrity="sha256-wZjR52fzng1pJHwx4aV2AO3yyTOXrcDW7jBpJtTwVxw=" crossorigin="anonymous"><!-- bootstrap-toc --><script src="https://cdn.jsdelivr.net/gh/afeld/bootstrap-toc@v1.0.1/dist/bootstrap-toc.min.js" integrity="sha256-4veVQbu7//Lk5TSmc7YV48MxtMy98e26cf5MrgZYnwo=" crossorigin="anonymous"></script><!-- headroom.js --><script src="https://cdnjs.cloudflare.com/ajax/libs/headroom/0.11.0/headroom.min.js" integrity="sha256-AsUX4SJE1+yuDu5+mAVzJbuYNPHj/WroHuZ8Ir/CkE0=" crossorigin="anonymous"></script><script src="https://cdnjs.cloudflare.com/ajax/libs/headroom/0.11.0/jQuery.headroom.min.js" integrity="sha256-ZX/yNShbjqsohH1k95liqY9Gd8uOiE1S4vZc+9KQ1K4=" crossorigin="anonymous"></script><!-- clipboard.js --><script src="https://cdnjs.cloudflare.com/ajax/libs/clipboard.js/2.0.6/clipboard.min.js" integrity="sha256-inc5kl9MA1hkeYUt+EC3BhlIgyp/2jDIyBLS6k3UxPI=" crossorigin="anonymous"></script><!-- search --><script src="https://cdnjs.cloudflare.com/ajax/libs/fuse.js/6.4.6/fuse.js" integrity="sha512-zv6Ywkjyktsohkbp9bb45V6tEMoWhzFzXis+LrMehmJZZSys19Yxf1dopHx7WzIKxr5tK2dVcYmaCk2uqdjF4A==" crossorigin="anonymous"></script><script src="https://cdnjs.cloudflare.com/ajax/libs/autocomplete.js/0.38.0/autocomplete.jquery.min.js" integrity="sha512-GU9ayf+66Xx2TmpxqJpliWbT5PiGYxpaG8rfnBEk1LL8l1KGkRShhngwdXK1UgqhAzWpZHSiYPc09/NwDQIGyg==" crossorigin="anonymous"></script><script src="https://cdnjs.cloudflare.com/ajax/libs/mark.js/8.11.1/mark.min.js" integrity="sha512-5CYOlHXGh6QpOFA/TeTylKLWfB3ftPsde7AnmhuitiTX4K5SqCLBeKro6sPS8ilsz1Q4NRx3v8Ko2IBiszzdww==" crossorigin="anonymous"></script><!-- pkgdown --><script src="../pkgdown.js"></script><meta property="og:title" content="Covariance/correlation for joint distribution of an mcgf_rsobject — ccov.mcgf_rs"><meta property="og:description" content="Covariance/correlation for joint distribution of an mcgf_rsobject"><!-- mathjax --><script src="https://cdnjs.cloudflare.com/ajax/libs/mathjax/2.7.5/MathJax.js" integrity="sha256-nvJJv9wWKEm88qvoQl9ekL2J+k/RWIsaSScxxlsrv8k=" crossorigin="anonymous"></script><script src="https://cdnjs.cloudflare.com/ajax/libs/mathjax/2.7.5/config/TeX-AMS-MML_HTMLorMML.js" integrity="sha256-84DKXVJXs0/F8OTMzX4UR909+jtl4G7SPypPavF+GfA=" crossorigin="anonymous"></script><!--[if lt IE 9]>
<script src="https://oss.maxcdn.com/html5shiv/3.7.3/html5shiv.min.js"></script>
<script src="https://oss.maxcdn.com/respond/1.4.2/respond.min.js"></script>
<![endif]--></head><body>
    <a href="#main" class="visually-hidden-focusable">Skip to contents</a>
    

    <nav class="navbar fixed-top navbar-light navbar-expand-lg bg-light"><div class="container">
    
    <a class="navbar-brand me-2" href="../index.html">mcgf</a>

    <small class="nav-text text-muted me-auto" data-bs-toggle="tooltip" data-bs-placement="bottom" title="">1.0.1.9000</small>

    
    <button class="navbar-toggler" type="button" data-bs-toggle="collapse" data-bs-target="#navbar" aria-controls="navbar" aria-expanded="false" aria-label="Toggle navigation">
      <span class="navbar-toggler-icon"></span>
    </button>

    <div id="navbar" class="collapse navbar-collapse ms-3">
      <ul class="navbar-nav me-auto"><li class="nav-item">
  <a class="nav-link" href="../articles/mcgf.html">Get started</a>
</li>
<li class="active nav-item">
  <a class="nav-link" href="../reference/index.html">Reference</a>
</li>
<li class="nav-item dropdown">
  <a href="#" class="nav-link dropdown-toggle" data-bs-toggle="dropdown" role="button" aria-expanded="false" aria-haspopup="true" id="dropdown-articles">Articles</a>
  <div class="dropdown-menu" aria-labelledby="dropdown-articles">
    <a class="dropdown-item" href="../articles/mcgf_rs.html">Steps for fitting an `mcgf_rs` object</a>
  </div>
</li>
<li class="nav-item">
  <a class="nav-link" href="../news/index.html">Changelog</a>
</li>
      </ul><form class="form-inline my-2 my-lg-0" role="search">
        <input type="search" class="form-control me-sm-2" aria-label="Toggle navigation" name="search-input" data-search-index="../search.json" id="search-input" placeholder="Search for" autocomplete="off"></form>

      <ul class="navbar-nav"><li class="nav-item">
  <a class="external-link nav-link" href="https://github.com/tianxia-jia/mcgf/" aria-label="github">
    <span class="fab fa fab fa-github fa-lg"></span>
     
  </a>
</li>
      </ul></div>

    
  </div>
</nav><div class="container template-reference-topic">
<div class="row">
  <main id="main" class="col-md-9"><div class="page-header">
      <img src="" class="logo" alt=""><h1>Covariance/correlation for joint distribution of an <code>mcgf_rs</code>object</h1>
      <small class="dont-index">Source: <a href="https://github.com/tianxia-jia/mcgf/blob/HEAD/R/ccov.R" class="external-link"><code>R/ccov.R</code></a></small>
      <div class="d-none name"><code>ccov.mcgf_rs.Rd</code></div>
    </div>

    <div class="ref-description section level2">
    <p>Covariance/correlation for joint distribution of an <code>mcgf_rs</code>object</p>
    </div>

    <div class="section level2">
    <h2 id="ref-usage">Usage<a class="anchor" aria-label="anchor" href="#ref-usage"></a></h2>
    <div class="sourceCode"><pre class="sourceCode r"><code><span><span class="co"># S3 method for mcgf_rs</span></span>
<span><span class="fu"><a href="ccov.html">ccov</a></span><span class="op">(</span><span class="va">x</span>, model <span class="op">=</span> <span class="fu"><a href="https://rdrr.io/r/base/c.html" class="external-link">c</a></span><span class="op">(</span><span class="st">"all"</span>, <span class="st">"base"</span>, <span class="st">"empirical"</span><span class="op">)</span>, cor <span class="op">=</span> <span class="cn">FALSE</span>, <span class="va">...</span><span class="op">)</span></span></code></pre></div>
    </div>

    <div class="section level2">
    <h2 id="arguments">Arguments<a class="anchor" aria-label="anchor" href="#arguments"></a></h2>
    <dl><dt>x</dt>
<dd><p>An <code>mcgf</code> object.</p></dd>


<dt>model</dt>
<dd><p>Which model to use. One of <code>all</code>, <code>base</code>, and <code>empirical</code>.</p></dd>


<dt>cor</dt>
<dd><p>Logical; if TRUE, correlation is returned</p></dd>


<dt>...</dt>
<dd><p>Additional arguments. Not in use.</p></dd>

</dl></div>
    <div class="section level2">
    <h2 id="value">Value<a class="anchor" aria-label="anchor" href="#value"></a></h2>
    

<p>A list of joint covariance/correlation matrix.</p>
    </div>

    <div class="section level2">
    <h2 id="ref-examples">Examples<a class="anchor" aria-label="anchor" href="#ref-examples"></a></h2>
    <div class="sourceCode"><pre class="sourceCode r"><code><span class="r-in"><span><span class="fu"><a href="https://rdrr.io/r/utils/data.html" class="external-link">data</a></span><span class="op">(</span><span class="va">sim2</span><span class="op">)</span></span></span>
<span class="r-in"><span><span class="va">sim2_mcgf</span> <span class="op">&lt;-</span> <span class="fu"><a href="mcgf_rs.html">mcgf_rs</a></span><span class="op">(</span><span class="va">sim2</span><span class="op">$</span><span class="va">data</span>, dists <span class="op">=</span> <span class="va">sim2</span><span class="op">$</span><span class="va">dists</span>, label <span class="op">=</span> <span class="va">sim2</span><span class="op">$</span><span class="va">label</span><span class="op">)</span></span></span>
<span class="r-msg co"><span class="r-pr">#&gt;</span> `time` is not provided, assuming rows are equally spaced temporally.</span>
<span class="r-in"><span><span class="va">sim2_mcgf</span> <span class="op">&lt;-</span> <span class="fu"><a href="acfs.mcgf.html">add_acfs</a></span><span class="op">(</span><span class="va">sim2_mcgf</span>, lag_max <span class="op">=</span> <span class="fl">5</span><span class="op">)</span></span></span>
<span class="r-in"><span><span class="va">sim2_mcgf</span> <span class="op">&lt;-</span> <span class="fu"><a href="ccfs.mcgf.html">add_ccfs</a></span><span class="op">(</span><span class="va">sim2_mcgf</span>, lag_max <span class="op">=</span> <span class="fl">5</span><span class="op">)</span></span></span>
<span class="r-in"><span></span></span>
<span class="r-in"><span><span class="co"># Fit a regime-switching separable model</span></span></span>
<span class="r-in"><span><span class="va">fit_sep</span> <span class="op">&lt;-</span> <span class="fu"><a href="fit_base.html">fit_base</a></span><span class="op">(</span></span></span>
<span class="r-in"><span>    <span class="va">sim2_mcgf</span>,</span></span>
<span class="r-in"><span>    lag_ls <span class="op">=</span> <span class="fl">5</span>,</span></span>
<span class="r-in"><span>    model_ls <span class="op">=</span> <span class="st">"sep"</span>,</span></span>
<span class="r-in"><span>    par_init_ls <span class="op">=</span> <span class="fu"><a href="https://rdrr.io/r/base/list.html" class="external-link">list</a></span><span class="op">(</span><span class="fu"><a href="https://rdrr.io/r/base/list.html" class="external-link">list</a></span><span class="op">(</span></span></span>
<span class="r-in"><span>        c <span class="op">=</span> <span class="fl">0.000001</span>,</span></span>
<span class="r-in"><span>        gamma <span class="op">=</span> <span class="fl">0.5</span>,</span></span>
<span class="r-in"><span>        a <span class="op">=</span> <span class="fl">0.5</span>,</span></span>
<span class="r-in"><span>        alpha <span class="op">=</span> <span class="fl">0.5</span></span></span>
<span class="r-in"><span>    <span class="op">)</span><span class="op">)</span>,</span></span>
<span class="r-in"><span>    par_fixed_ls <span class="op">=</span> <span class="fu"><a href="https://rdrr.io/r/base/list.html" class="external-link">list</a></span><span class="op">(</span><span class="fu"><a href="https://rdrr.io/r/base/c.html" class="external-link">c</a></span><span class="op">(</span>nugget <span class="op">=</span> <span class="fl">0</span><span class="op">)</span><span class="op">)</span></span></span>
<span class="r-in"><span><span class="op">)</span></span></span>
<span class="r-in"><span><span class="va">sim2_mcgf</span> <span class="op">&lt;-</span> <span class="fu"><a href="add_base.html">add_base</a></span><span class="op">(</span><span class="va">sim2_mcgf</span>, fit_base_ls <span class="op">=</span> <span class="va">fit_sep</span><span class="op">)</span></span></span>
<span class="r-in"><span></span></span>
<span class="r-in"><span><span class="fu"><a href="ccov.html">ccov</a></span><span class="op">(</span><span class="va">sim2_mcgf</span>, model <span class="op">=</span> <span class="st">"base"</span><span class="op">)</span></span></span>
<span class="r-out co"><span class="r-pr">#&gt;</span> $`Regime 1`</span>
<span class="r-out co"><span class="r-pr">#&gt;</span>             1:t+0     2:t+0     3:t+0     4:t+0     5:t+0     6:t+0     7:t+0</span>
<span class="r-out co"><span class="r-pr">#&gt;</span> 1:t+0   0.8784702 0.7533880 0.6995305 0.7590369 0.6644653 0.6511216 0.7988752</span>
<span class="r-out co"><span class="r-pr">#&gt;</span> 2:t+0   0.7533880 0.9035621 0.7555227 0.8856543 0.7651284 0.6311475 0.8800385</span>
<span class="r-out co"><span class="r-pr">#&gt;</span> 3:t+0   0.6995305 0.7555227 0.9549912 0.8136662 0.7435730 0.6958014 0.8683404</span>
<span class="r-out co"><span class="r-pr">#&gt;</span> 4:t+0   0.7590369 0.8856543 0.8136662 1.0019931 0.8415231 0.6571406 0.9272691</span>
<span class="r-out co"><span class="r-pr">#&gt;</span> 5:t+0   0.6644653 0.7651284 0.7435730 0.8415231 0.9212603 0.5848187 0.8063203</span>
<span class="r-out co"><span class="r-pr">#&gt;</span> 6:t+0   0.6511216 0.6311475 0.6958014 0.6571406 0.5848187 0.8217197 0.7142335</span>
<span class="r-out co"><span class="r-pr">#&gt;</span> 7:t+0   0.7988752 0.8800385 0.8683404 0.9272691 0.8063203 0.7142335 1.0437801</span>
<span class="r-out co"><span class="r-pr">#&gt;</span> 8:t+0   0.5649151 0.6334639 0.6067197 0.6820996 0.7064192 0.4856748 0.6568070</span>
<span class="r-out co"><span class="r-pr">#&gt;</span> 9:t+0   0.7686230 0.7901779 0.6942573 0.7898189 0.6926089 0.6084411 0.8062188</span>
<span class="r-out co"><span class="r-pr">#&gt;</span> 10:t+0  0.6469992 0.7427709 0.6881115 0.8039763 0.8102816 0.5521990 0.7643159</span>
<span class="r-out co"><span class="r-pr">#&gt;</span> 1:lag1  0.6063761 0.5200364 0.4828605 0.5239356 0.4586563 0.4494456 0.5514345</span>
<span class="r-out co"><span class="r-pr">#&gt;</span> 2:lag1  0.5200364 0.6236961 0.5215099 0.6113350 0.5281404 0.4356582 0.6074586</span>
<span class="r-out co"><span class="r-pr">#&gt;</span> 3:lag1  0.4828605 0.5215099 0.6591957 0.5616442 0.5132614 0.4802865 0.5993838</span>
<span class="r-out co"><span class="r-pr">#&gt;</span> 4:lag1  0.5239356 0.6113350 0.5616442 0.6916394 0.5808728 0.4536003 0.6400602</span>
<span class="r-out co"><span class="r-pr">#&gt;</span> 5:lag1  0.4586563 0.5281404 0.5132614 0.5808728 0.6359125 0.4036791 0.5565736</span>
<span class="r-out co"><span class="r-pr">#&gt;</span> 6:lag1  0.4494456 0.4356582 0.4802865 0.4536003 0.4036791 0.5672032 0.4930094</span>
<span class="r-out co"><span class="r-pr">#&gt;</span> 7:lag1  0.5514345 0.6074586 0.5993838 0.6400602 0.5565736 0.4930094 0.7204835</span>
<span class="r-out co"><span class="r-pr">#&gt;</span> 8:lag1  0.3899404 0.4372571 0.4187966 0.4708286 0.4876155 0.3352437 0.4533700</span>
<span class="r-out co"><span class="r-pr">#&gt;</span> 9:lag1  0.5305525 0.5454311 0.4792206 0.5451833 0.4780828 0.4199848 0.5565035</span>
<span class="r-out co"><span class="r-pr">#&gt;</span> 10:lag1 0.4466000 0.5127078 0.4749784 0.5549556 0.5593080 0.3811629 0.5275795</span>
<span class="r-out co"><span class="r-pr">#&gt;</span> 1:lag2  0.5080317 0.4356949 0.4045484 0.4389617 0.3842697 0.3765528 0.4620008</span>
<span class="r-out co"><span class="r-pr">#&gt;</span> 2:lag2  0.4356949 0.5225428 0.4369295 0.5121864 0.4424846 0.3650015 0.5089387</span>
<span class="r-out co"><span class="r-pr">#&gt;</span> 3:lag2  0.4045484 0.4369295 0.5522849 0.4705547 0.4300188 0.4023918 0.5021735</span>
<span class="r-out co"><span class="r-pr">#&gt;</span> 4:lag2  0.4389617 0.5121864 0.4705547 0.5794668 0.4866647 0.3800337 0.5362528</span>
<span class="r-out co"><span class="r-pr">#&gt;</span> 5:lag2  0.3842697 0.4424846 0.4300188 0.4866647 0.5327779 0.3382089 0.4663064</span>
<span class="r-out co"><span class="r-pr">#&gt;</span> 6:lag2  0.3765528 0.3650015 0.4023918 0.3800337 0.3382089 0.4752121 0.4130513</span>
<span class="r-out co"><span class="r-pr">#&gt;</span> 7:lag2  0.4620008 0.5089387 0.5021735 0.5362528 0.4663064 0.4130513 0.6036328</span>
<span class="r-out co"><span class="r-pr">#&gt;</span> 8:lag2  0.3266984 0.3663412 0.3508746 0.3944679 0.4085322 0.2808726 0.3798408</span>
<span class="r-out co"><span class="r-pr">#&gt;</span> 9:lag2  0.4445055 0.4569710 0.4014988 0.4567635 0.4005455 0.3518701 0.4662477</span>
<span class="r-out co"><span class="r-pr">#&gt;</span> 10:lag2 0.3741688 0.4295549 0.3979446 0.4649509 0.4685973 0.3193445 0.4420147</span>
<span class="r-out co"><span class="r-pr">#&gt;</span> 1:lag3  0.4462315 0.3826942 0.3553365 0.3855636 0.3375246 0.3307465 0.4058001</span>
<span class="r-out co"><span class="r-pr">#&gt;</span> 2:lag3  0.3826942 0.4589773 0.3837785 0.4498807 0.3886579 0.3206004 0.4470281</span>
<span class="r-out co"><span class="r-pr">#&gt;</span> 3:lag3  0.3553365 0.3837785 0.4851014 0.4133134 0.3777085 0.3534423 0.4410859</span>
<span class="r-out co"><span class="r-pr">#&gt;</span> 4:lag3  0.3855636 0.4498807 0.4133134 0.5089767 0.4274637 0.3338039 0.4710196</span>
<span class="r-out co"><span class="r-pr">#&gt;</span> 5:lag3  0.3375246 0.3886579 0.3777085 0.4274637 0.4679673 0.2970670 0.4095819</span>
<span class="r-out co"><span class="r-pr">#&gt;</span> 6:lag3  0.3307465 0.3206004 0.3534423 0.3338039 0.2970670 0.4174042 0.3628051</span>
<span class="r-out co"><span class="r-pr">#&gt;</span> 7:lag3  0.4058001 0.4470281 0.4410859 0.4710196 0.4095819 0.3628051 0.5302030</span>
<span class="r-out co"><span class="r-pr">#&gt;</span> 8:lag3  0.2869567 0.3217771 0.3081920 0.3464822 0.3588357 0.2467054 0.3336345</span>
<span class="r-out co"><span class="r-pr">#&gt;</span> 9:lag3  0.3904330 0.4013821 0.3526579 0.4011998 0.3518206 0.3090663 0.4095303</span>
<span class="r-out co"><span class="r-pr">#&gt;</span> 10:lag3 0.3286525 0.3773011 0.3495361 0.4083913 0.4115941 0.2804974 0.3882452</span>
<span class="r-out co"><span class="r-pr">#&gt;</span> 1:lag4  0.4020685 0.3448194 0.3201693 0.3474048 0.3041202 0.2980129 0.3656385</span>
<span class="r-out co"><span class="r-pr">#&gt;</span> 2:lag4  0.3448194 0.4135528 0.3457964 0.4053566 0.3501929 0.2888709 0.4027863</span>
<span class="r-out co"><span class="r-pr">#&gt;</span> 3:lag4  0.3201693 0.3457964 0.4370915 0.3724082 0.3403272 0.3184625 0.3974321</span>
<span class="r-out co"><span class="r-pr">#&gt;</span> 4:lag4  0.3474048 0.4053566 0.3724082 0.4586038 0.3851581 0.3007677 0.4244033</span>
<span class="r-out co"><span class="r-pr">#&gt;</span> 5:lag4  0.3041202 0.3501929 0.3403272 0.3851581 0.4216532 0.2676666 0.3690461</span>
<span class="r-out co"><span class="r-pr">#&gt;</span> 6:lag4  0.2980129 0.2888709 0.3184625 0.3007677 0.2676666 0.3760942 0.3268987</span>
<span class="r-out co"><span class="r-pr">#&gt;</span> 7:lag4  0.3656385 0.4027863 0.3974321 0.4244033 0.3690461 0.3268987 0.4777294</span>
<span class="r-out co"><span class="r-pr">#&gt;</span> 8:lag4  0.2585569 0.2899311 0.2776906 0.3121913 0.3233221 0.2222893 0.3006151</span>
<span class="r-out co"><span class="r-pr">#&gt;</span> 9:lag4  0.3517923 0.3616578 0.3177557 0.3614935 0.3170013 0.2784784 0.3689996</span>
<span class="r-out co"><span class="r-pr">#&gt;</span> 10:lag4 0.2961261 0.3399600 0.3149429 0.3679732 0.3708591 0.2527369 0.3498210</span>
<span class="r-out co"><span class="r-pr">#&gt;</span> 1:lag5  0.3682814 0.3158431 0.2932644 0.3182113 0.2785640 0.2729699 0.3349127</span>
<span class="r-out co"><span class="r-pr">#&gt;</span> 2:lag5  0.3158431 0.3788006 0.3167380 0.3712931 0.3207650 0.2645962 0.3689388</span>
<span class="r-out co"><span class="r-pr">#&gt;</span> 3:lag5  0.2932644 0.3167380 0.4003613 0.3411136 0.3117284 0.2917011 0.3640346</span>
<span class="r-out co"><span class="r-pr">#&gt;</span> 4:lag5  0.3182113 0.3712931 0.3411136 0.4200659 0.3527920 0.2754933 0.3887393</span>
<span class="r-out co"><span class="r-pr">#&gt;</span> 5:lag5  0.2785640 0.3207650 0.3117284 0.3527920 0.3862203 0.2451737 0.3380339</span>
<span class="r-out co"><span class="r-pr">#&gt;</span> 6:lag5  0.2729699 0.2645962 0.2917011 0.2754933 0.2451737 0.3444898 0.2994283</span>
<span class="r-out co"><span class="r-pr">#&gt;</span> 7:lag5  0.3349127 0.3689388 0.3640346 0.3887393 0.3380339 0.2994283 0.4375843</span>
<span class="r-out co"><span class="r-pr">#&gt;</span> 8:lag5  0.2368296 0.2655673 0.2543553 0.2859568 0.2961523 0.2036096 0.2753534</span>
<span class="r-out co"><span class="r-pr">#&gt;</span> 9:lag5  0.3222300 0.3312665 0.2910537 0.3311161 0.2903627 0.2550769 0.3379913</span>
<span class="r-out co"><span class="r-pr">#&gt;</span> 10:lag5 0.2712417 0.3113921 0.2884772 0.3370513 0.3396946 0.2314986 0.3204244</span>
<span class="r-out co"><span class="r-pr">#&gt;</span>             8:t+0     9:t+0    10:t+0    1:lag1    2:lag1    3:lag1    4:lag1</span>
<span class="r-out co"><span class="r-pr">#&gt;</span> 1:t+0   0.5649151 0.7686230 0.6469992 0.6063761 0.5200364 0.4828605 0.5239356</span>
<span class="r-out co"><span class="r-pr">#&gt;</span> 2:t+0   0.6334639 0.7901779 0.7427709 0.5200364 0.6236961 0.5215099 0.6113350</span>
<span class="r-out co"><span class="r-pr">#&gt;</span> 3:t+0   0.6067197 0.6942573 0.6881115 0.4828605 0.5215099 0.6591957 0.5616442</span>
<span class="r-out co"><span class="r-pr">#&gt;</span> 4:t+0   0.6820996 0.7898189 0.8039763 0.5239356 0.6113350 0.5616442 0.6916394</span>
<span class="r-out co"><span class="r-pr">#&gt;</span> 5:t+0   0.7064192 0.6926089 0.8102816 0.4586563 0.5281404 0.5132614 0.5808728</span>
<span class="r-out co"><span class="r-pr">#&gt;</span> 6:t+0   0.4856748 0.6084411 0.5521990 0.4494456 0.4356582 0.4802865 0.4536003</span>
<span class="r-out co"><span class="r-pr">#&gt;</span> 7:t+0   0.6568070 0.8062188 0.7643159 0.5514345 0.6074586 0.5993838 0.6400602</span>
<span class="r-out co"><span class="r-pr">#&gt;</span> 8:t+0   0.9495403 0.5888773 0.6834328 0.3899404 0.4372571 0.4187966 0.4708286</span>
<span class="r-out co"><span class="r-pr">#&gt;</span> 9:t+0   0.5888773 0.8372873 0.6792741 0.5305525 0.5454311 0.4792206 0.5451833</span>
<span class="r-out co"><span class="r-pr">#&gt;</span> 10:t+0  0.6834328 0.6792741 0.8418067 0.4466000 0.5127078 0.4749784 0.5549556</span>
<span class="r-out co"><span class="r-pr">#&gt;</span> 1:lag1  0.3899404 0.5305525 0.4466000 0.8784702 0.7533880 0.6995305 0.7590369</span>
<span class="r-out co"><span class="r-pr">#&gt;</span> 2:lag1  0.4372571 0.5454311 0.5127078 0.7533880 0.9035621 0.7555227 0.8856543</span>
<span class="r-out co"><span class="r-pr">#&gt;</span> 3:lag1  0.4187966 0.4792206 0.4749784 0.6995305 0.7555227 0.9549912 0.8136662</span>
<span class="r-out co"><span class="r-pr">#&gt;</span> 4:lag1  0.4708286 0.5451833 0.5549556 0.7590369 0.8856543 0.8136662 1.0019931</span>
<span class="r-out co"><span class="r-pr">#&gt;</span> 5:lag1  0.4876155 0.4780828 0.5593080 0.6644653 0.7651284 0.7435730 0.8415231</span>
<span class="r-out co"><span class="r-pr">#&gt;</span> 6:lag1  0.3352437 0.4199848 0.3811629 0.6511216 0.6311475 0.6958014 0.6571406</span>
<span class="r-out co"><span class="r-pr">#&gt;</span> 7:lag1  0.4533700 0.5565035 0.5275795 0.7988752 0.8800385 0.8683404 0.9272691</span>
<span class="r-out co"><span class="r-pr">#&gt;</span> 8:lag1  0.6554331 0.4064806 0.4717488 0.5649151 0.6334639 0.6067197 0.6820996</span>
<span class="r-out co"><span class="r-pr">#&gt;</span> 9:lag1  0.4064806 0.5779490 0.4688782 0.7686230 0.7901779 0.6942573 0.7898189</span>
<span class="r-out co"><span class="r-pr">#&gt;</span> 10:lag1 0.4717488 0.4688782 0.5810685 0.6469992 0.7427709 0.6881115 0.8039763</span>
<span class="r-out co"><span class="r-pr">#&gt;</span> 1:lag2  0.3266984 0.4445055 0.3741688 0.6063761 0.5200364 0.4828605 0.5239356</span>
<span class="r-out co"><span class="r-pr">#&gt;</span> 2:lag2  0.3663412 0.4569710 0.4295549 0.5200364 0.6236961 0.5215099 0.6113350</span>
<span class="r-out co"><span class="r-pr">#&gt;</span> 3:lag2  0.3508746 0.4014988 0.3979446 0.4828605 0.5215099 0.6591957 0.5616442</span>
<span class="r-out co"><span class="r-pr">#&gt;</span> 4:lag2  0.3944679 0.4567635 0.4649509 0.5239356 0.6113350 0.5616442 0.6916394</span>
<span class="r-out co"><span class="r-pr">#&gt;</span> 5:lag2  0.4085322 0.4005455 0.4685973 0.4586563 0.5281404 0.5132614 0.5808728</span>
<span class="r-out co"><span class="r-pr">#&gt;</span> 6:lag2  0.2808726 0.3518701 0.3193445 0.4494456 0.4356582 0.4802865 0.4536003</span>
<span class="r-out co"><span class="r-pr">#&gt;</span> 7:lag2  0.3798408 0.4662477 0.4420147 0.5514345 0.6074586 0.5993838 0.6400602</span>
<span class="r-out co"><span class="r-pr">#&gt;</span> 8:lag2  0.5491326 0.3405561 0.3952388 0.3899404 0.4372571 0.4187966 0.4708286</span>
<span class="r-out co"><span class="r-pr">#&gt;</span> 9:lag2  0.3405561 0.4842151 0.3928338 0.5305525 0.5454311 0.4792206 0.5451833</span>
<span class="r-out co"><span class="r-pr">#&gt;</span> 10:lag2 0.3952388 0.3928338 0.4868287 0.4466000 0.5127078 0.4749784 0.5549556</span>
<span class="r-out co"><span class="r-pr">#&gt;</span> 1:lag3  0.2869567 0.3904330 0.3286525 0.5080317 0.4356949 0.4045484 0.4389617</span>
<span class="r-out co"><span class="r-pr">#&gt;</span> 2:lag3  0.3217771 0.4013821 0.3773011 0.4356949 0.5225428 0.4369295 0.5121864</span>
<span class="r-out co"><span class="r-pr">#&gt;</span> 3:lag3  0.3081920 0.3526579 0.3495361 0.4045484 0.4369295 0.5522849 0.4705547</span>
<span class="r-out co"><span class="r-pr">#&gt;</span> 4:lag3  0.3464822 0.4011998 0.4083913 0.4389617 0.5121864 0.4705547 0.5794668</span>
<span class="r-out co"><span class="r-pr">#&gt;</span> 5:lag3  0.3588357 0.3518206 0.4115941 0.3842697 0.4424846 0.4300188 0.4866647</span>
<span class="r-out co"><span class="r-pr">#&gt;</span> 6:lag3  0.2467054 0.3090663 0.2804974 0.3765528 0.3650015 0.4023918 0.3800337</span>
<span class="r-out co"><span class="r-pr">#&gt;</span> 7:lag3  0.3336345 0.4095303 0.3882452 0.4620008 0.5089387 0.5021735 0.5362528</span>
<span class="r-out co"><span class="r-pr">#&gt;</span> 8:lag3  0.4823325 0.2991286 0.3471594 0.3266984 0.3663412 0.3508746 0.3944679</span>
<span class="r-out co"><span class="r-pr">#&gt;</span> 9:lag3  0.2991286 0.4253121 0.3450470 0.4445055 0.4569710 0.4014988 0.4567635</span>
<span class="r-out co"><span class="r-pr">#&gt;</span> 10:lag3 0.3471594 0.3450470 0.4276077 0.3741688 0.4295549 0.3979446 0.4649509</span>
<span class="r-out co"><span class="r-pr">#&gt;</span> 1:lag4  0.2585569 0.3517923 0.2961261 0.4462315 0.3826942 0.3553365 0.3855636</span>
<span class="r-out co"><span class="r-pr">#&gt;</span> 2:lag4  0.2899311 0.3616578 0.3399600 0.3826942 0.4589773 0.3837785 0.4498807</span>
<span class="r-out co"><span class="r-pr">#&gt;</span> 3:lag4  0.2776906 0.3177557 0.3149429 0.3553365 0.3837785 0.4851014 0.4133134</span>
<span class="r-out co"><span class="r-pr">#&gt;</span> 4:lag4  0.3121913 0.3614935 0.3679732 0.3855636 0.4498807 0.4133134 0.5089767</span>
<span class="r-out co"><span class="r-pr">#&gt;</span> 5:lag4  0.3233221 0.3170013 0.3708591 0.3375246 0.3886579 0.3777085 0.4274637</span>
<span class="r-out co"><span class="r-pr">#&gt;</span> 6:lag4  0.2222893 0.2784784 0.2527369 0.3307465 0.3206004 0.3534423 0.3338039</span>
<span class="r-out co"><span class="r-pr">#&gt;</span> 7:lag4  0.3006151 0.3689996 0.3498210 0.4058001 0.4470281 0.4410859 0.4710196</span>
<span class="r-out co"><span class="r-pr">#&gt;</span> 8:lag4  0.4345966 0.2695242 0.3128015 0.2869567 0.3217771 0.3081920 0.3464822</span>
<span class="r-out co"><span class="r-pr">#&gt;</span> 9:lag4  0.2695242 0.3832194 0.3108981 0.3904330 0.4013821 0.3526579 0.4011998</span>
<span class="r-out co"><span class="r-pr">#&gt;</span> 10:lag4 0.3128015 0.3108981 0.3852879 0.3286525 0.3773011 0.3495361 0.4083913</span>
<span class="r-out co"><span class="r-pr">#&gt;</span> 1:lag5  0.2368296 0.3222300 0.2712417 0.4020685 0.3448194 0.3201693 0.3474048</span>
<span class="r-out co"><span class="r-pr">#&gt;</span> 2:lag5  0.2655673 0.3312665 0.3113921 0.3448194 0.4135528 0.3457964 0.4053566</span>
<span class="r-out co"><span class="r-pr">#&gt;</span> 3:lag5  0.2543553 0.2910537 0.2884772 0.3201693 0.3457964 0.4370915 0.3724082</span>
<span class="r-out co"><span class="r-pr">#&gt;</span> 4:lag5  0.2859568 0.3311161 0.3370513 0.3474048 0.4053566 0.3724082 0.4586038</span>
<span class="r-out co"><span class="r-pr">#&gt;</span> 5:lag5  0.2961523 0.2903627 0.3396946 0.3041202 0.3501929 0.3403272 0.3851581</span>
<span class="r-out co"><span class="r-pr">#&gt;</span> 6:lag5  0.2036096 0.2550769 0.2314986 0.2980129 0.2888709 0.3184625 0.3007677</span>
<span class="r-out co"><span class="r-pr">#&gt;</span> 7:lag5  0.2753534 0.3379913 0.3204244 0.3656385 0.4027863 0.3974321 0.4244033</span>
<span class="r-out co"><span class="r-pr">#&gt;</span> 8:lag5  0.3980761 0.2468752 0.2865157 0.2585569 0.2899311 0.2776906 0.3121913</span>
<span class="r-out co"><span class="r-pr">#&gt;</span> 9:lag5  0.2468752 0.3510162 0.2847723 0.3517923 0.3616578 0.3177557 0.3614935</span>
<span class="r-out co"><span class="r-pr">#&gt;</span> 10:lag5 0.2865157 0.2847723 0.3529109 0.2961261 0.3399600 0.3149429 0.3679732</span>
<span class="r-out co"><span class="r-pr">#&gt;</span>            5:lag1    6:lag1    7:lag1    8:lag1    9:lag1   10:lag1    1:lag2</span>
<span class="r-out co"><span class="r-pr">#&gt;</span> 1:t+0   0.4586563 0.4494456 0.5514345 0.3899404 0.5305525 0.4466000 0.5080317</span>
<span class="r-out co"><span class="r-pr">#&gt;</span> 2:t+0   0.5281404 0.4356582 0.6074586 0.4372571 0.5454311 0.5127078 0.4356949</span>
<span class="r-out co"><span class="r-pr">#&gt;</span> 3:t+0   0.5132614 0.4802865 0.5993838 0.4187966 0.4792206 0.4749784 0.4045484</span>
<span class="r-out co"><span class="r-pr">#&gt;</span> 4:t+0   0.5808728 0.4536003 0.6400602 0.4708286 0.5451833 0.5549556 0.4389617</span>
<span class="r-out co"><span class="r-pr">#&gt;</span> 5:t+0   0.6359125 0.4036791 0.5565736 0.4876155 0.4780828 0.5593080 0.3842697</span>
<span class="r-out co"><span class="r-pr">#&gt;</span> 6:t+0   0.4036791 0.5672032 0.4930094 0.3352437 0.4199848 0.3811629 0.3765528</span>
<span class="r-out co"><span class="r-pr">#&gt;</span> 7:t+0   0.5565736 0.4930094 0.7204835 0.4533700 0.5565035 0.5275795 0.4620008</span>
<span class="r-out co"><span class="r-pr">#&gt;</span> 8:t+0   0.4876155 0.3352437 0.4533700 0.6554331 0.4064806 0.4717488 0.3266984</span>
<span class="r-out co"><span class="r-pr">#&gt;</span> 9:t+0   0.4780828 0.4199848 0.5565035 0.4064806 0.5779490 0.4688782 0.4445055</span>
<span class="r-out co"><span class="r-pr">#&gt;</span> 10:t+0  0.5593080 0.3811629 0.5275795 0.4717488 0.4688782 0.5810685 0.3741688</span>
<span class="r-out co"><span class="r-pr">#&gt;</span> 1:lag1  0.6644653 0.6511216 0.7988752 0.5649151 0.7686230 0.6469992 0.6063761</span>
<span class="r-out co"><span class="r-pr">#&gt;</span> 2:lag1  0.7651284 0.6311475 0.8800385 0.6334639 0.7901779 0.7427709 0.5200364</span>
<span class="r-out co"><span class="r-pr">#&gt;</span> 3:lag1  0.7435730 0.6958014 0.8683404 0.6067197 0.6942573 0.6881115 0.4828605</span>
<span class="r-out co"><span class="r-pr">#&gt;</span> 4:lag1  0.8415231 0.6571406 0.9272691 0.6820996 0.7898189 0.8039763 0.5239356</span>
<span class="r-out co"><span class="r-pr">#&gt;</span> 5:lag1  0.9212603 0.5848187 0.8063203 0.7064192 0.6926089 0.8102816 0.4586563</span>
<span class="r-out co"><span class="r-pr">#&gt;</span> 6:lag1  0.5848187 0.8217197 0.7142335 0.4856748 0.6084411 0.5521990 0.4494456</span>
<span class="r-out co"><span class="r-pr">#&gt;</span> 7:lag1  0.8063203 0.7142335 1.0437801 0.6568070 0.8062188 0.7643159 0.5514345</span>
<span class="r-out co"><span class="r-pr">#&gt;</span> 8:lag1  0.7064192 0.4856748 0.6568070 0.9495403 0.5888773 0.6834328 0.3899404</span>
<span class="r-out co"><span class="r-pr">#&gt;</span> 9:lag1  0.6926089 0.6084411 0.8062188 0.5888773 0.8372873 0.6792741 0.5305525</span>
<span class="r-out co"><span class="r-pr">#&gt;</span> 10:lag1 0.8102816 0.5521990 0.7643159 0.6834328 0.6792741 0.8418067 0.4466000</span>
<span class="r-out co"><span class="r-pr">#&gt;</span> 1:lag2  0.4586563 0.4494456 0.5514345 0.3899404 0.5305525 0.4466000 0.8784702</span>
<span class="r-out co"><span class="r-pr">#&gt;</span> 2:lag2  0.5281404 0.4356582 0.6074586 0.4372571 0.5454311 0.5127078 0.7533880</span>
<span class="r-out co"><span class="r-pr">#&gt;</span> 3:lag2  0.5132614 0.4802865 0.5993838 0.4187966 0.4792206 0.4749784 0.6995305</span>
<span class="r-out co"><span class="r-pr">#&gt;</span> 4:lag2  0.5808728 0.4536003 0.6400602 0.4708286 0.5451833 0.5549556 0.7590369</span>
<span class="r-out co"><span class="r-pr">#&gt;</span> 5:lag2  0.6359125 0.4036791 0.5565736 0.4876155 0.4780828 0.5593080 0.6644653</span>
<span class="r-out co"><span class="r-pr">#&gt;</span> 6:lag2  0.4036791 0.5672032 0.4930094 0.3352437 0.4199848 0.3811629 0.6511216</span>
<span class="r-out co"><span class="r-pr">#&gt;</span> 7:lag2  0.5565736 0.4930094 0.7204835 0.4533700 0.5565035 0.5275795 0.7988752</span>
<span class="r-out co"><span class="r-pr">#&gt;</span> 8:lag2  0.4876155 0.3352437 0.4533700 0.6554331 0.4064806 0.4717488 0.5649151</span>
<span class="r-out co"><span class="r-pr">#&gt;</span> 9:lag2  0.4780828 0.4199848 0.5565035 0.4064806 0.5779490 0.4688782 0.7686230</span>
<span class="r-out co"><span class="r-pr">#&gt;</span> 10:lag2 0.5593080 0.3811629 0.5275795 0.4717488 0.4688782 0.5810685 0.6469992</span>
<span class="r-out co"><span class="r-pr">#&gt;</span> 1:lag3  0.3842697 0.3765528 0.4620008 0.3266984 0.4445055 0.3741688 0.6063761</span>
<span class="r-out co"><span class="r-pr">#&gt;</span> 2:lag3  0.4424846 0.3650015 0.5089387 0.3663412 0.4569710 0.4295549 0.5200364</span>
<span class="r-out co"><span class="r-pr">#&gt;</span> 3:lag3  0.4300188 0.4023918 0.5021735 0.3508746 0.4014988 0.3979446 0.4828605</span>
<span class="r-out co"><span class="r-pr">#&gt;</span> 4:lag3  0.4866647 0.3800337 0.5362528 0.3944679 0.4567635 0.4649509 0.5239356</span>
<span class="r-out co"><span class="r-pr">#&gt;</span> 5:lag3  0.5327779 0.3382089 0.4663064 0.4085322 0.4005455 0.4685973 0.4586563</span>
<span class="r-out co"><span class="r-pr">#&gt;</span> 6:lag3  0.3382089 0.4752121 0.4130513 0.2808726 0.3518701 0.3193445 0.4494456</span>
<span class="r-out co"><span class="r-pr">#&gt;</span> 7:lag3  0.4663064 0.4130513 0.6036328 0.3798408 0.4662477 0.4420147 0.5514345</span>
<span class="r-out co"><span class="r-pr">#&gt;</span> 8:lag3  0.4085322 0.2808726 0.3798408 0.5491326 0.3405561 0.3952388 0.3899404</span>
<span class="r-out co"><span class="r-pr">#&gt;</span> 9:lag3  0.4005455 0.3518701 0.4662477 0.3405561 0.4842151 0.3928338 0.5305525</span>
<span class="r-out co"><span class="r-pr">#&gt;</span> 10:lag3 0.4685973 0.3193445 0.4420147 0.3952388 0.3928338 0.4868287 0.4466000</span>
<span class="r-out co"><span class="r-pr">#&gt;</span> 1:lag4  0.3375246 0.3307465 0.4058001 0.2869567 0.3904330 0.3286525 0.5080317</span>
<span class="r-out co"><span class="r-pr">#&gt;</span> 2:lag4  0.3886579 0.3206004 0.4470281 0.3217771 0.4013821 0.3773011 0.4356949</span>
<span class="r-out co"><span class="r-pr">#&gt;</span> 3:lag4  0.3777085 0.3534423 0.4410859 0.3081920 0.3526579 0.3495361 0.4045484</span>
<span class="r-out co"><span class="r-pr">#&gt;</span> 4:lag4  0.4274637 0.3338039 0.4710196 0.3464822 0.4011998 0.4083913 0.4389617</span>
<span class="r-out co"><span class="r-pr">#&gt;</span> 5:lag4  0.4679673 0.2970670 0.4095819 0.3588357 0.3518206 0.4115941 0.3842697</span>
<span class="r-out co"><span class="r-pr">#&gt;</span> 6:lag4  0.2970670 0.4174042 0.3628051 0.2467054 0.3090663 0.2804974 0.3765528</span>
<span class="r-out co"><span class="r-pr">#&gt;</span> 7:lag4  0.4095819 0.3628051 0.5302030 0.3336345 0.4095303 0.3882452 0.4620008</span>
<span class="r-out co"><span class="r-pr">#&gt;</span> 8:lag4  0.3588357 0.2467054 0.3336345 0.4823325 0.2991286 0.3471594 0.3266984</span>
<span class="r-out co"><span class="r-pr">#&gt;</span> 9:lag4  0.3518206 0.3090663 0.4095303 0.2991286 0.4253121 0.3450470 0.4445055</span>
<span class="r-out co"><span class="r-pr">#&gt;</span> 10:lag4 0.4115941 0.2804974 0.3882452 0.3471594 0.3450470 0.4276077 0.3741688</span>
<span class="r-out co"><span class="r-pr">#&gt;</span> 1:lag5  0.3041202 0.2980129 0.3656385 0.2585569 0.3517923 0.2961261 0.4462315</span>
<span class="r-out co"><span class="r-pr">#&gt;</span> 2:lag5  0.3501929 0.2888709 0.4027863 0.2899311 0.3616578 0.3399600 0.3826942</span>
<span class="r-out co"><span class="r-pr">#&gt;</span> 3:lag5  0.3403272 0.3184625 0.3974321 0.2776906 0.3177557 0.3149429 0.3553365</span>
<span class="r-out co"><span class="r-pr">#&gt;</span> 4:lag5  0.3851581 0.3007677 0.4244033 0.3121913 0.3614935 0.3679732 0.3855636</span>
<span class="r-out co"><span class="r-pr">#&gt;</span> 5:lag5  0.4216532 0.2676666 0.3690461 0.3233221 0.3170013 0.3708591 0.3375246</span>
<span class="r-out co"><span class="r-pr">#&gt;</span> 6:lag5  0.2676666 0.3760942 0.3268987 0.2222893 0.2784784 0.2527369 0.3307465</span>
<span class="r-out co"><span class="r-pr">#&gt;</span> 7:lag5  0.3690461 0.3268987 0.4777294 0.3006151 0.3689996 0.3498210 0.4058001</span>
<span class="r-out co"><span class="r-pr">#&gt;</span> 8:lag5  0.3233221 0.2222893 0.3006151 0.4345966 0.2695242 0.3128015 0.2869567</span>
<span class="r-out co"><span class="r-pr">#&gt;</span> 9:lag5  0.3170013 0.2784784 0.3689996 0.2695242 0.3832194 0.3108981 0.3904330</span>
<span class="r-out co"><span class="r-pr">#&gt;</span> 10:lag5 0.3708591 0.2527369 0.3498210 0.3128015 0.3108981 0.3852879 0.3286525</span>
<span class="r-out co"><span class="r-pr">#&gt;</span>            2:lag2    3:lag2    4:lag2    5:lag2    6:lag2    7:lag2    8:lag2</span>
<span class="r-out co"><span class="r-pr">#&gt;</span> 1:t+0   0.4356949 0.4045484 0.4389617 0.3842697 0.3765528 0.4620008 0.3266984</span>
<span class="r-out co"><span class="r-pr">#&gt;</span> 2:t+0   0.5225428 0.4369295 0.5121864 0.4424846 0.3650015 0.5089387 0.3663412</span>
<span class="r-out co"><span class="r-pr">#&gt;</span> 3:t+0   0.4369295 0.5522849 0.4705547 0.4300188 0.4023918 0.5021735 0.3508746</span>
<span class="r-out co"><span class="r-pr">#&gt;</span> 4:t+0   0.5121864 0.4705547 0.5794668 0.4866647 0.3800337 0.5362528 0.3944679</span>
<span class="r-out co"><span class="r-pr">#&gt;</span> 5:t+0   0.4424846 0.4300188 0.4866647 0.5327779 0.3382089 0.4663064 0.4085322</span>
<span class="r-out co"><span class="r-pr">#&gt;</span> 6:t+0   0.3650015 0.4023918 0.3800337 0.3382089 0.4752121 0.4130513 0.2808726</span>
<span class="r-out co"><span class="r-pr">#&gt;</span> 7:t+0   0.5089387 0.5021735 0.5362528 0.4663064 0.4130513 0.6036328 0.3798408</span>
<span class="r-out co"><span class="r-pr">#&gt;</span> 8:t+0   0.3663412 0.3508746 0.3944679 0.4085322 0.2808726 0.3798408 0.5491326</span>
<span class="r-out co"><span class="r-pr">#&gt;</span> 9:t+0   0.4569710 0.4014988 0.4567635 0.4005455 0.3518701 0.4662477 0.3405561</span>
<span class="r-out co"><span class="r-pr">#&gt;</span> 10:t+0  0.4295549 0.3979446 0.4649509 0.4685973 0.3193445 0.4420147 0.3952388</span>
<span class="r-out co"><span class="r-pr">#&gt;</span> 1:lag1  0.5200364 0.4828605 0.5239356 0.4586563 0.4494456 0.5514345 0.3899404</span>
<span class="r-out co"><span class="r-pr">#&gt;</span> 2:lag1  0.6236961 0.5215099 0.6113350 0.5281404 0.4356582 0.6074586 0.4372571</span>
<span class="r-out co"><span class="r-pr">#&gt;</span> 3:lag1  0.5215099 0.6591957 0.5616442 0.5132614 0.4802865 0.5993838 0.4187966</span>
<span class="r-out co"><span class="r-pr">#&gt;</span> 4:lag1  0.6113350 0.5616442 0.6916394 0.5808728 0.4536003 0.6400602 0.4708286</span>
<span class="r-out co"><span class="r-pr">#&gt;</span> 5:lag1  0.5281404 0.5132614 0.5808728 0.6359125 0.4036791 0.5565736 0.4876155</span>
<span class="r-out co"><span class="r-pr">#&gt;</span> 6:lag1  0.4356582 0.4802865 0.4536003 0.4036791 0.5672032 0.4930094 0.3352437</span>
