<!DOCTYPE html>
<!-- Generated by pkgdown: do not edit by hand --><html lang="en"><head><meta http-equiv="Content-Type" content="text/html; charset=UTF-8"><meta charset="utf-8"><meta http-equiv="X-UA-Compatible" content="IE=edge"><meta name="viewport" content="width=device-width, initial-scale=1, shrink-to-fit=no"><meta name="description" content="Covariance/correlation for joint distribution of an mcgf object"><title>Covariance/correlation for joint distribution of an mcgf object — ccov.mcgf • mcgf</title><script src="../deps/jquery-3.6.0/jquery-3.6.0.min.js"></script><meta name="viewport" content="width=device-width, initial-scale=1, shrink-to-fit=no"><link href="../deps/bootstrap-5.3.1/bootstrap.min.css" rel="stylesheet"><script src="../deps/bootstrap-5.3.1/bootstrap.bundle.min.js"></script><!-- Font Awesome icons --><link rel="stylesheet" href="https://cdnjs.cloudflare.com/ajax/libs/font-awesome/5.12.1/css/all.min.css" integrity="sha256-mmgLkCYLUQbXn0B1SRqzHar6dCnv9oZFPEC1g1cwlkk=" crossorigin="anonymous"><link rel="stylesheet" href="https://cdnjs.cloudflare.com/ajax/libs/font-awesome/5.12.1/css/v4-shims.min.css" integrity="sha256-wZjR52fzng1pJHwx4aV2AO3yyTOXrcDW7jBpJtTwVxw=" crossorigin="anonymous"><!-- bootstrap-toc --><script src="https://cdn.jsdelivr.net/gh/afeld/bootstrap-toc@v1.0.1/dist/bootstrap-toc.min.js" integrity="sha256-4veVQbu7//Lk5TSmc7YV48MxtMy98e26cf5MrgZYnwo=" crossorigin="anonymous"></script><!-- headroom.js --><script src="https://cdnjs.cloudflare.com/ajax/libs/headroom/0.11.0/headroom.min.js" integrity="sha256-AsUX4SJE1+yuDu5+mAVzJbuYNPHj/WroHuZ8Ir/CkE0=" crossorigin="anonymous"></script><script src="https://cdnjs.cloudflare.com/ajax/libs/headroom/0.11.0/jQuery.headroom.min.js" integrity="sha256-ZX/yNShbjqsohH1k95liqY9Gd8uOiE1S4vZc+9KQ1K4=" crossorigin="anonymous"></script><!-- clipboard.js --><script src="https://cdnjs.cloudflare.com/ajax/libs/clipboard.js/2.0.6/clipboard.min.js" integrity="sha256-inc5kl9MA1hkeYUt+EC3BhlIgyp/2jDIyBLS6k3UxPI=" crossorigin="anonymous"></script><!-- search --><script src="https://cdnjs.cloudflare.com/ajax/libs/fuse.js/6.4.6/fuse.js" integrity="sha512-zv6Ywkjyktsohkbp9bb45V6tEMoWhzFzXis+LrMehmJZZSys19Yxf1dopHx7WzIKxr5tK2dVcYmaCk2uqdjF4A==" crossorigin="anonymous"></script><script src="https://cdnjs.cloudflare.com/ajax/libs/autocomplete.js/0.38.0/autocomplete.jquery.min.js" integrity="sha512-GU9ayf+66Xx2TmpxqJpliWbT5PiGYxpaG8rfnBEk1LL8l1KGkRShhngwdXK1UgqhAzWpZHSiYPc09/NwDQIGyg==" crossorigin="anonymous"></script><script src="https://cdnjs.cloudflare.com/ajax/libs/mark.js/8.11.1/mark.min.js" integrity="sha512-5CYOlHXGh6QpOFA/TeTylKLWfB3ftPsde7AnmhuitiTX4K5SqCLBeKro6sPS8ilsz1Q4NRx3v8Ko2IBiszzdww==" crossorigin="anonymous"></script><!-- pkgdown --><script src="../pkgdown.js"></script><meta property="og:title" content="Covariance/correlation for joint distribution of an mcgf object — ccov.mcgf"><meta property="og:description" content="Covariance/correlation for joint distribution of an mcgf object"><!-- mathjax --><script src="https://cdnjs.cloudflare.com/ajax/libs/mathjax/2.7.5/MathJax.js" integrity="sha256-nvJJv9wWKEm88qvoQl9ekL2J+k/RWIsaSScxxlsrv8k=" crossorigin="anonymous"></script><script src="https://cdnjs.cloudflare.com/ajax/libs/mathjax/2.7.5/config/TeX-AMS-MML_HTMLorMML.js" integrity="sha256-84DKXVJXs0/F8OTMzX4UR909+jtl4G7SPypPavF+GfA=" crossorigin="anonymous"></script><!--[if lt IE 9]>
<script src="https://oss.maxcdn.com/html5shiv/3.7.3/html5shiv.min.js"></script>
<script src="https://oss.maxcdn.com/respond/1.4.2/respond.min.js"></script>
<![endif]--></head><body>
    <a href="#main" class="visually-hidden-focusable">Skip to contents</a>
    

    <nav class="navbar fixed-top navbar-light navbar-expand-lg bg-light"><div class="container">
    
    <a class="navbar-brand me-2" href="../index.html">mcgf</a>

    <small class="nav-text text-muted me-auto" data-bs-toggle="tooltip" data-bs-placement="bottom" title="">1.0.1.9000</small>

    
    <button class="navbar-toggler" type="button" data-bs-toggle="collapse" data-bs-target="#navbar" aria-controls="navbar" aria-expanded="false" aria-label="Toggle navigation">
      <span class="navbar-toggler-icon"></span>
    </button>

    <div id="navbar" class="collapse navbar-collapse ms-3">
      <ul class="navbar-nav me-auto"><li class="nav-item">
  <a class="nav-link" href="../articles/mcgf.html">Get started</a>
</li>
<li class="active nav-item">
  <a class="nav-link" href="../reference/index.html">Reference</a>
</li>
<li class="nav-item">
  <a class="nav-link" href="../news/index.html">Changelog</a>
</li>
      </ul><form class="form-inline my-2 my-lg-0" role="search">
        <input type="search" class="form-control me-sm-2" aria-label="Toggle navigation" name="search-input" data-search-index="../search.json" id="search-input" placeholder="Search for" autocomplete="off"></form>

      <ul class="navbar-nav"><li class="nav-item">
  <a class="external-link nav-link" href="https://github.com/tianxia-jia/mcgf/" aria-label="github">
    <span class="fab fa fab fa-github fa-lg"></span>
     
  </a>
</li>
      </ul></div>

    
  </div>
</nav><div class="container template-reference-topic">
<div class="row">
  <main id="main" class="col-md-9"><div class="page-header">
      <img src="" class="logo" alt=""><h1>Covariance/correlation for joint distribution of an <code>mcgf</code> object</h1>
      <small class="dont-index">Source: <a href="https://github.com/tianxia-jia/mcgf/blob/HEAD/R/ccov.R" class="external-link"><code>R/ccov.R</code></a></small>
      <div class="d-none name"><code>ccov.mcgf.Rd</code></div>
    </div>

    <div class="ref-description section level2">
    <p>Covariance/correlation for joint distribution of an <code>mcgf</code> object</p>
    </div>

    <div class="section level2">
    <h2 id="ref-usage">Usage<a class="anchor" aria-label="anchor" href="#ref-usage"></a></h2>
    <div class="sourceCode"><pre class="sourceCode r"><code><span><span class="co"># S3 method for mcgf</span></span>
<span><span class="fu"><a href="ccov.html">ccov</a></span><span class="op">(</span><span class="va">x</span>, model <span class="op">=</span> <span class="fu"><a href="https://rdrr.io/r/base/c.html" class="external-link">c</a></span><span class="op">(</span><span class="st">"all"</span>, <span class="st">"base"</span>, <span class="st">"empirical"</span><span class="op">)</span>, cor <span class="op">=</span> <span class="cn">FALSE</span>, <span class="va">...</span><span class="op">)</span></span></code></pre></div>
    </div>

    <div class="section level2">
    <h2 id="arguments">Arguments<a class="anchor" aria-label="anchor" href="#arguments"></a></h2>
    <dl><dt>x</dt>
<dd><p>An <code>mcgf</code> object.</p></dd>


<dt>model</dt>
<dd><p>Which model to use. One of <code>all</code>, <code>base</code>, and <code>empirical</code>.</p></dd>


<dt>cor</dt>
<dd><p>Logical; if TRUE, correlation is outputted.</p></dd>


<dt>...</dt>
<dd><p>Additional arguments. Not in use.</p></dd>

</dl></div>
    <div class="section level2">
    <h2 id="value">Value<a class="anchor" aria-label="anchor" href="#value"></a></h2>
    

<p>Joint covariance/correlation matrix.</p>
    </div>

    <div class="section level2">
    <h2 id="ref-examples">Examples<a class="anchor" aria-label="anchor" href="#ref-examples"></a></h2>
    <div class="sourceCode"><pre class="sourceCode r"><code><span class="r-in"><span><span class="fu"><a href="https://rdrr.io/r/utils/data.html" class="external-link">data</a></span><span class="op">(</span><span class="va">sim1</span><span class="op">)</span></span></span>
<span class="r-in"><span><span class="va">sim1_mcgf</span> <span class="op">&lt;-</span> <span class="fu"><a href="mcgf.html">mcgf</a></span><span class="op">(</span><span class="va">sim1</span><span class="op">$</span><span class="va">data</span>, dists <span class="op">=</span> <span class="va">sim1</span><span class="op">$</span><span class="va">dists</span><span class="op">)</span></span></span>
<span class="r-msg co"><span class="r-pr">#&gt;</span> `time` is not provided, assuming rows are equally spaced temporally.</span>
<span class="r-in"><span><span class="va">sim1_mcgf</span> <span class="op">&lt;-</span> <span class="fu"><a href="acfs.mcgf.html">add_acfs</a></span><span class="op">(</span><span class="va">sim1_mcgf</span>, lag_max <span class="op">=</span> <span class="fl">5</span><span class="op">)</span></span></span>
<span class="r-in"><span><span class="va">sim1_mcgf</span> <span class="op">&lt;-</span> <span class="fu"><a href="ccfs.mcgf.html">add_ccfs</a></span><span class="op">(</span><span class="va">sim1_mcgf</span>, lag_max <span class="op">=</span> <span class="fl">5</span><span class="op">)</span></span></span>
<span class="r-in"><span></span></span>
<span class="r-in"><span><span class="co"># Fit a separable model and store it to 'sim1_mcgf'</span></span></span>
<span class="r-in"><span><span class="va">fit_sep</span> <span class="op">&lt;-</span> <span class="fu"><a href="fit_base.html">fit_base</a></span><span class="op">(</span></span></span>
<span class="r-in"><span>    <span class="va">sim1_mcgf</span>,</span></span>
<span class="r-in"><span>    model <span class="op">=</span> <span class="st">"sep"</span>,</span></span>
<span class="r-in"><span>    lag <span class="op">=</span> <span class="fl">5</span>,</span></span>
<span class="r-in"><span>    par_init <span class="op">=</span> <span class="fu"><a href="https://rdrr.io/r/base/c.html" class="external-link">c</a></span><span class="op">(</span></span></span>
<span class="r-in"><span>        c <span class="op">=</span> <span class="fl">0.001</span>,</span></span>
<span class="r-in"><span>        gamma <span class="op">=</span> <span class="fl">0.5</span>,</span></span>
<span class="r-in"><span>        a <span class="op">=</span> <span class="fl">0.3</span>,</span></span>
<span class="r-in"><span>        alpha <span class="op">=</span> <span class="fl">0.5</span></span></span>
<span class="r-in"><span>    <span class="op">)</span>,</span></span>
<span class="r-in"><span>    par_fixed <span class="op">=</span> <span class="fu"><a href="https://rdrr.io/r/base/c.html" class="external-link">c</a></span><span class="op">(</span>nugget <span class="op">=</span> <span class="fl">0</span><span class="op">)</span></span></span>
<span class="r-in"><span><span class="op">)</span></span></span>
<span class="r-in"><span><span class="va">sim1_mcgf</span> <span class="op">&lt;-</span> <span class="fu"><a href="add_base.html">add_base</a></span><span class="op">(</span><span class="va">sim1_mcgf</span>, fit_base <span class="op">=</span> <span class="va">fit_sep</span><span class="op">)</span></span></span>
<span class="r-in"><span></span></span>
<span class="r-in"><span><span class="fu"><a href="ccov.html">ccov</a></span><span class="op">(</span><span class="va">sim1_mcgf</span>, model <span class="op">=</span> <span class="st">"base"</span><span class="op">)</span></span></span>
<span class="r-out co"><span class="r-pr">#&gt;</span>              1:t+0      2:t+0      3:t+0      4:t+0      5:t+0      6:t+0</span>
<span class="r-out co"><span class="r-pr">#&gt;</span> 1:t+0   0.97269389 0.85890922 0.78778667 0.82315843 0.75041556 0.80835264</span>
<span class="r-out co"><span class="r-pr">#&gt;</span> 2:t+0   0.85890922 0.95033944 0.82344463 0.90844780 0.83029571 0.76617248</span>
<span class="r-out co"><span class="r-pr">#&gt;</span> 3:t+0   0.78778667 0.82344463 0.95462464 0.83500131 0.79293041 0.81877287</span>
<span class="r-out co"><span class="r-pr">#&gt;</span> 4:t+0   0.82315843 0.90844780 0.83500131 0.94060539 0.85550880 0.75409224</span>
<span class="r-out co"><span class="r-pr">#&gt;</span> 5:t+0   0.75041556 0.83029571 0.79293041 0.85550880 0.92155031 0.69410042</span>
<span class="r-out co"><span class="r-pr">#&gt;</span> 6:t+0   0.80835264 0.76617248 0.81877287 0.75409224 0.69410042 0.99883117</span>
<span class="r-out co"><span class="r-pr">#&gt;</span> 7:t+0   0.84048905 0.88667429 0.86132193 0.88249365 0.80814368 0.79522031</span>
<span class="r-out co"><span class="r-pr">#&gt;</span> 8:t+0   0.62124560 0.67986717 0.63455838 0.69129711 0.73611793 0.55529707</span>
<span class="r-out co"><span class="r-pr">#&gt;</span> 9:t+0   0.91277332 0.91129982 0.80240103 0.87115486 0.79946060 0.77888512</span>
<span class="r-out co"><span class="r-pr">#&gt;</span> 10:t+0  0.77584973 0.85459385 0.78273214 0.86905778 0.89271746 0.69677882</span>
<span class="r-out co"><span class="r-pr">#&gt;</span> 1:lag1  0.59765450 0.52774153 0.48404154 0.50577509 0.46107952 0.49667794</span>
<span class="r-out co"><span class="r-pr">#&gt;</span> 2:lag1  0.52774153 0.58391921 0.50595094 0.55817963 0.51016047 0.47076108</span>
<span class="r-out co"><span class="r-pr">#&gt;</span> 3:lag1  0.48404154 0.50595094 0.58655217 0.51305174 0.48720202 0.50308046</span>
<span class="r-out co"><span class="r-pr">#&gt;</span> 4:lag1  0.50577509 0.55817963 0.51305174 0.57793829 0.52565220 0.46333860</span>
<span class="r-out co"><span class="r-pr">#&gt;</span> 5:lag1  0.46107952 0.51016047 0.48720202 0.52565220 0.56623024 0.42647769</span>
<span class="r-out co"><span class="r-pr">#&gt;</span> 6:lag1  0.49667794 0.47076108 0.50308046 0.46333860 0.42647769 0.61371409</span>
<span class="r-out co"><span class="r-pr">#&gt;</span> 7:lag1  0.51642358 0.54480128 0.52922397 0.54223257 0.49654954 0.48860901</span>
<span class="r-out co"><span class="r-pr">#&gt;</span> 8:lag1  0.38171333 0.41773232 0.38989314 0.42475524 0.45229460 0.34119243</span>
<span class="r-out co"><span class="r-pr">#&gt;</span> 9:lag1  0.56083737 0.55993200 0.49302107 0.53526565 0.49121438 0.47857214</span>
<span class="r-out co"><span class="r-pr">#&gt;</span> 10:lag1 0.47670710 0.52509003 0.48093587 0.53397713 0.54851440 0.42812338</span>
<span class="r-out co"><span class="r-pr">#&gt;</span> 1:lag2  0.35540230 0.31382773 0.28784102 0.30076513 0.27418638 0.29535540</span>
<span class="r-out co"><span class="r-pr">#&gt;</span> 2:lag2  0.31382773 0.34723445 0.30086970 0.33192811 0.30337295 0.27994364</span>
<span class="r-out co"><span class="r-pr">#&gt;</span> 3:lag2  0.28784102 0.30086970 0.34880017 0.30509227 0.28972043 0.29916274</span>
<span class="r-out co"><span class="r-pr">#&gt;</span> 4:lag2  0.30076513 0.33192811 0.30509227 0.34367783 0.31258529 0.27552977</span>
<span class="r-out co"><span class="r-pr">#&gt;</span> 5:lag2  0.27418638 0.30337295 0.28972043 0.31258529 0.33671550 0.25360999</span>
<span class="r-out co"><span class="r-pr">#&gt;</span> 6:lag2  0.29535540 0.27994364 0.29916274 0.27552977 0.25360999 0.36495233</span>
<span class="r-out co"><span class="r-pr">#&gt;</span> 7:lag2  0.30709738 0.32397252 0.31470928 0.32244500 0.29527905 0.29055712</span>
<span class="r-out co"><span class="r-pr">#&gt;</span> 8:lag2  0.22699034 0.24840945 0.23185456 0.25258572 0.26896232 0.20289411</span>
<span class="r-out co"><span class="r-pr">#&gt;</span> 9:lag2  0.33350856 0.33297017 0.29318080 0.31830204 0.29210643 0.28458857</span>
<span class="r-out co"><span class="r-pr">#&gt;</span> 10:lag2 0.28347951 0.31225098 0.28599420 0.31753581 0.32618056 0.25458862</span>
<span class="r-out co"><span class="r-pr">#&gt;</span> 1:lag3  0.23434438 0.20693103 0.18979597 0.19831784 0.18079241 0.19475079</span>
<span class="r-out co"><span class="r-pr">#&gt;</span> 2:lag3  0.20693103 0.22895868 0.19838679 0.21886602 0.20003738 0.18458861</span>
<span class="r-out co"><span class="r-pr">#&gt;</span> 3:lag3  0.18979597 0.19838679 0.22999108 0.20117106 0.19103521 0.19726126</span>
<span class="r-out co"><span class="r-pr">#&gt;</span> 4:lag3  0.19831784 0.21886602 0.20117106 0.22661352 0.20611179 0.18167821</span>
<span class="r-out co"><span class="r-pr">#&gt;</span> 5:lag3  0.18079241 0.20003738 0.19103521 0.20611179 0.22202272 0.16722479</span>
<span class="r-out co"><span class="r-pr">#&gt;</span> 6:lag3  0.19475079 0.18458861 0.19726126 0.18167821 0.16722479 0.24064145</span>
<span class="r-out co"><span class="r-pr">#&gt;</span> 7:lag3  0.20249319 0.21362028 0.20751231 0.21261307 0.19470044 0.19158691</span>
<span class="r-out co"><span class="r-pr">#&gt;</span> 8:lag3  0.14967239 0.16379567 0.15287974 0.16654941 0.17734778 0.13378387</span>
<span class="r-out co"><span class="r-pr">#&gt;</span> 9:lag3  0.21990814 0.21955313 0.19331691 0.20988129 0.19260849 0.18765138</span>
<span class="r-out co"><span class="r-pr">#&gt;</span> 10:lag3 0.18692009 0.20589136 0.18857822 0.20937605 0.21507622 0.16787008</span>
<span class="r-out co"><span class="r-pr">#&gt;</span> 1:lag4  0.16749110 0.14789817 0.13565136 0.14174214 0.12921632 0.13919268</span>
<span class="r-out co"><span class="r-pr">#&gt;</span> 2:lag4  0.14789817 0.16364182 0.14179142 0.15642837 0.14297113 0.13192955</span>
<span class="r-out co"><span class="r-pr">#&gt;</span> 3:lag4  0.13565136 0.14179142 0.16437970 0.14378140 0.13653708 0.14098697</span>
<span class="r-out co"><span class="r-pr">#&gt;</span> 4:lag4  0.14174214 0.15642837 0.14378140 0.16196568 0.14731264 0.12984942</span>
<span class="r-out co"><span class="r-pr">#&gt;</span> 5:lag4  0.12921632 0.14297113 0.13653708 0.14731264 0.15868453 0.11951925</span>
<span class="r-out co"><span class="r-pr">#&gt;</span> 6:lag4  0.13919268 0.13192955 0.14098697 0.12984942 0.11951925 0.17199175</span>
<span class="r-out co"><span class="r-pr">#&gt;</span> 7:lag4  0.14472635 0.15267912 0.14831362 0.15195925 0.13915670 0.13693139</span>
<span class="r-out co"><span class="r-pr">#&gt;</span> 8:lag4  0.10697415 0.11706838 0.10926652 0.11903654 0.12675437 0.09561828</span>
<span class="r-out co"><span class="r-pr">#&gt;</span> 9:lag4  0.15717319 0.15691947 0.13816785 0.15000678 0.13766153 0.13411858</span>
<span class="r-out co"><span class="r-pr">#&gt;</span> 10:lag4 0.13359591 0.14715510 0.13478101 0.14964568 0.15371971 0.11998045</span>
<span class="r-out co"><span class="r-pr">#&gt;</span> 1:lag5  0.12678596 0.11195468 0.10268419 0.10729473 0.09781305 0.10536487</span>
<span class="r-out co"><span class="r-pr">#&gt;</span> 2:lag5  0.11195468 0.12387216 0.10733204 0.11841179 0.10822504 0.09986689</span>
<span class="r-out co"><span class="r-pr">#&gt;</span> 3:lag5  0.10268419 0.10733204 0.12443072 0.10883839 0.10335466 0.10672310</span>
<span class="r-out co"><span class="r-pr">#&gt;</span> 4:lag5  0.10729473 0.11841179 0.10883839 0.12260338 0.11151145 0.09829229</span>
<span class="r-out co"><span class="r-pr">#&gt;</span> 5:lag5  0.09781305 0.10822504 0.10335466 0.11151145 0.12011964 0.09047264</span>
<span class="r-out co"><span class="r-pr">#&gt;</span> 6:lag5  0.10536487 0.09986689 0.10672310 0.09829229 0.09047264 0.13019283</span>
<span class="r-out co"><span class="r-pr">#&gt;</span> 7:lag5  0.10955369 0.11557372 0.11226916 0.11502879 0.10533763 0.10365313</span>
<span class="r-out co"><span class="r-pr">#&gt;</span> 8:lag5  0.08097637 0.08861741 0.08271163 0.09010724 0.09594942 0.07238030</span>
<span class="r-out co"><span class="r-pr">#&gt;</span> 9:lag5  0.11897560 0.11878354 0.10458911 0.11355084 0.10420583 0.10152392</span>
<span class="r-out co"><span class="r-pr">#&gt;</span> 10:lag5 0.10112827 0.11139219 0.10202536 0.11327749 0.11636142 0.09082176</span>
<span class="r-out co"><span class="r-pr">#&gt;</span>              7:t+0      8:t+0      9:t+0     10:t+0    1:lag1    2:lag1</span>
<span class="r-out co"><span class="r-pr">#&gt;</span> 1:t+0   0.84048905 0.62124560 0.91277332 0.77584973 0.5976545 0.5277415</span>
<span class="r-out co"><span class="r-pr">#&gt;</span> 2:t+0   0.88667429 0.67986717 0.91129982 0.85459385 0.5277415 0.5839192</span>
<span class="r-out co"><span class="r-pr">#&gt;</span> 3:t+0   0.86132193 0.63455838 0.80240103 0.78273214 0.4840415 0.5059509</span>
<span class="r-out co"><span class="r-pr">#&gt;</span> 4:t+0   0.88249365 0.69129711 0.87115486 0.86905778 0.5057751 0.5581796</span>
<span class="r-out co"><span class="r-pr">#&gt;</span> 5:t+0   0.80814368 0.73611793 0.79946060 0.89271746 0.4610795 0.5101605</span>
<span class="r-out co"><span class="r-pr">#&gt;</span> 6:t+0   0.79522031 0.55529707 0.77888512 0.69677882 0.4966779 0.4707611</span>
<span class="r-out co"><span class="r-pr">#&gt;</span> 7:t+0   0.93063097 0.64911407 0.86660864 0.81541392 0.5164236 0.5448013</span>
<span class="r-out co"><span class="r-pr">#&gt;</span> 8:t+0   0.64911407 0.89790658 0.66662312 0.75638841 0.3817133 0.4177323</span>
<span class="r-out co"><span class="r-pr">#&gt;</span> 9:t+0   0.86660864 0.66662312 0.97945162 0.83096437 0.5608374 0.5599320</span>
<span class="r-out co"><span class="r-pr">#&gt;</span> 10:t+0  0.81541392 0.75638841 0.83096437 0.95178452 0.4767071 0.5250900</span>
<span class="r-out co"><span class="r-pr">#&gt;</span> 1:lag1  0.51642358 0.38171333 0.56083737 0.47670710 0.9726939 0.8589092</span>
<span class="r-out co"><span class="r-pr">#&gt;</span> 2:lag1  0.54480128 0.41773232 0.55993200 0.52509003 0.8589092 0.9503394</span>
<span class="r-out co"><span class="r-pr">#&gt;</span> 3:lag1  0.52922397 0.38989314 0.49302107 0.48093587 0.7877867 0.8234446</span>
<span class="r-out co"><span class="r-pr">#&gt;</span> 4:lag1  0.54223257 0.42475524 0.53526565 0.53397713 0.8231584 0.9084478</span>
<span class="r-out co"><span class="r-pr">#&gt;</span> 5:lag1  0.49654954 0.45229460 0.49121438 0.54851440 0.7504156 0.8302957</span>
<span class="r-out co"><span class="r-pr">#&gt;</span> 6:lag1  0.48860901 0.34119243 0.47857214 0.42812338 0.8083526 0.7661725</span>
<span class="r-out co"><span class="r-pr">#&gt;</span> 7:lag1  0.57180969 0.39883662 0.53247230 0.50101662 0.8404890 0.8866743</span>
<span class="r-out co"><span class="r-pr">#&gt;</span> 8:lag1  0.39883662 0.55170277 0.40959475 0.46474944 0.6212456 0.6798672</span>
<span class="r-out co"><span class="r-pr">#&gt;</span> 9:lag1  0.53247230 0.40959475 0.60180667 0.51057131 0.9127733 0.9112998</span>
<span class="r-out co"><span class="r-pr">#&gt;</span> 10:lag1 0.50101662 0.46474944 0.51057131 0.58480711 0.7758497 0.8545939</span>
<span class="r-out co"><span class="r-pr">#&gt;</span> 1:lag2  0.30709738 0.22699034 0.33350856 0.28347951 0.5976545 0.5277415</span>
<span class="r-out co"><span class="r-pr">#&gt;</span> 2:lag2  0.32397252 0.24840945 0.33297017 0.31225098 0.5277415 0.5839192</span>
<span class="r-out co"><span class="r-pr">#&gt;</span> 3:lag2  0.31470928 0.23185456 0.29318080 0.28599420 0.4840415 0.5059509</span>
<span class="r-out co"><span class="r-pr">#&gt;</span> 4:lag2  0.32244500 0.25258572 0.31830204 0.31753581 0.5057751 0.5581796</span>
<span class="r-out co"><span class="r-pr">#&gt;</span> 5:lag2  0.29527905 0.26896232 0.29210643 0.32618056 0.4610795 0.5101605</span>
<span class="r-out co"><span class="r-pr">#&gt;</span> 6:lag2  0.29055712 0.20289411 0.28458857 0.25458862 0.4966779 0.4707611</span>
<span class="r-out co"><span class="r-pr">#&gt;</span> 7:lag2  0.34003338 0.23717291 0.31664094 0.29793545 0.5164236 0.5448013</span>
<span class="r-out co"><span class="r-pr">#&gt;</span> 8:lag2  0.23717291 0.32807656 0.24357035 0.27636874 0.3817133 0.4177323</span>
<span class="r-out co"><span class="r-pr">#&gt;</span> 9:lag2  0.31664094 0.24357035 0.35787144 0.30361726 0.5608374 0.5599320</span>
<span class="r-out co"><span class="r-pr">#&gt;</span> 10:lag2 0.29793545 0.27636874 0.30361726 0.34776245 0.4767071 0.5250900</span>
<span class="r-out co"><span class="r-pr">#&gt;</span> 1:lag3  0.20249319 0.14967239 0.21990814 0.18692009 0.3554023 0.3138277</span>
<span class="r-out co"><span class="r-pr">#&gt;</span> 2:lag3  0.21362028 0.16379567 0.21955313 0.20589136 0.3138277 0.3472345</span>
<span class="r-out co"><span class="r-pr">#&gt;</span> 3:lag3  0.20751231 0.15287974 0.19331691 0.18857822 0.2878410 0.3008697</span>
<span class="r-out co"><span class="r-pr">#&gt;</span> 4:lag3  0.21261307 0.16654941 0.20988129 0.20937605 0.3007651 0.3319281</span>
<span class="r-out co"><span class="r-pr">#&gt;</span> 5:lag3  0.19470044 0.17734778 0.19260849 0.21507622 0.2741864 0.3033729</span>
<span class="r-out co"><span class="r-pr">#&gt;</span> 6:lag3  0.19158691 0.13378387 0.18765138 0.16787008 0.2953554 0.2799436</span>
<span class="r-out co"><span class="r-pr">#&gt;</span> 7:lag3  0.22421046 0.15638654 0.20878600 0.19645201 0.3070974 0.3239725</span>
<span class="r-out co"><span class="r-pr">#&gt;</span> 8:lag3  0.15638654 0.21632640 0.16060488 0.18223141 0.2269903 0.2484095</span>
<span class="r-out co"><span class="r-pr">#&gt;</span> 9:lag3  0.20878600 0.16060488 0.23597247 0.20019847 0.3335086 0.3329702</span>
<span class="r-out co"><span class="r-pr">#&gt;</span> 10:lag3 0.19645201 0.18223141 0.20019847 0.22930683 0.2834795 0.3122510</span>
<span class="r-out co"><span class="r-pr">#&gt;</span> 1:lag4  0.14472635 0.10697415 0.15717319 0.13359591 0.2343444 0.2069310</span>
<span class="r-out co"><span class="r-pr">#&gt;</span> 2:lag4  0.15267912 0.11706838 0.15691947 0.14715510 0.2069310 0.2289587</span>
<span class="r-out co"><span class="r-pr">#&gt;</span> 3:lag4  0.14831362 0.10926652 0.13816785 0.13478101 0.1897960 0.1983868</span>
<span class="r-out co"><span class="r-pr">#&gt;</span> 4:lag4  0.15195925 0.11903654 0.15000678 0.14964568 0.1983178 0.2188660</span>
<span class="r-out co"><span class="r-pr">#&gt;</span> 5:lag4  0.13915670 0.12675437 0.13766153 0.15371971 0.1807924 0.2000374</span>
<span class="r-out co"><span class="r-pr">#&gt;</span> 6:lag4  0.13693139 0.09561828 0.13411858 0.11998045 0.1947508 0.1845886</span>
<span class="r-out co"><span class="r-pr">#&gt;</span> 7:lag4  0.16024816 0.11177291 0.14922396 0.14040858 0.2024932 0.2136203</span>
<span class="r-out co"><span class="r-pr">#&gt;</span> 8:lag4  0.11177291 0.15461324 0.11478785 0.13024480 0.1496724 0.1637957</span>
<span class="r-out co"><span class="r-pr">#&gt;</span> 9:lag4  0.14922396 0.11478785 0.16865473 0.14308626 0.2199081 0.2195531</span>
<span class="r-out co"><span class="r-pr">#&gt;</span> 10:lag4 0.14040858 0.13024480 0.14308626 0.16389065 0.1869201 0.2058914</span>
<span class="r-out co"><span class="r-pr">#&gt;</span> 1:lag5  0.10955369 0.08097637 0.11897560 0.10112827 0.1674911 0.1478982</span>
<span class="r-out co"><span class="r-pr">#&gt;</span> 2:lag5  0.11557372 0.08861741 0.11878354 0.11139219 0.1478982 0.1636418</span>
<span class="r-out co"><span class="r-pr">#&gt;</span> 3:lag5  0.11226916 0.08271163 0.10458911 0.10202536 0.1356514 0.1417914</span>
<span class="r-out co"><span class="r-pr">#&gt;</span> 4:lag5  0.11502879 0.09010724 0.11355084 0.11327749 0.1417421 0.1564284</span>
<span class="r-out co"><span class="r-pr">#&gt;</span> 5:lag5  0.10533763 0.09594942 0.10420583 0.11636142 0.1292163 0.1429711</span>
<span class="r-out co"><span class="r-pr">#&gt;</span> 6:lag5  0.10365313 0.07238030 0.10152392 0.09082176 0.1391927 0.1319296</span>
<span class="r-out co"><span class="r-pr">#&gt;</span> 7:lag5  0.12130326 0.08460889 0.11295826 0.10628527 0.1447263 0.1526791</span>
<span class="r-out co"><span class="r-pr">#&gt;</span> 8:lag5  0.08460889 0.11703779 0.08689111 0.09859158 0.1069742 0.1170684</span>
<span class="r-out co"><span class="r-pr">#&gt;</span> 9:lag5  0.11295826 0.08689111 0.12766680 0.10831220 0.1571732 0.1569195</span>
<span class="r-out co"><span class="r-pr">#&gt;</span> 10:lag5 0.10628527 0.09859158 0.10831220 0.12406052 0.1335959 0.1471551</span>
<span class="r-out co"><span class="r-pr">#&gt;</span>            3:lag1    4:lag1    5:lag1     6:lag1    7:lag1     8:lag1    9:lag1</span>
<span class="r-out co"><span class="r-pr">#&gt;</span> 1:t+0   0.4840415 0.5057751 0.4610795 0.49667794 0.5164236 0.38171333 0.5608374</span>
<span class="r-out co"><span class="r-pr">#&gt;</span> 2:t+0   0.5059509 0.5581796 0.5101605 0.47076108 0.5448013 0.41773232 0.5599320</span>
<span class="r-out co"><span class="r-pr">#&gt;</span> 3:t+0   0.5865522 0.5130517 0.4872020 0.50308046 0.5292240 0.38989314 0.4930211</span>
<span class="r-out co"><span class="r-pr">#&gt;</span> 4:t+0   0.5130517 0.5779383 0.5256522 0.46333860 0.5422326 0.42475524 0.5352656</span>
<span class="r-out co"><span class="r-pr">#&gt;</span> 5:t+0   0.4872020 0.5256522 0.5662302 0.42647769 0.4965495 0.45229460 0.4912144</span>
<span class="r-out co"><span class="r-pr">#&gt;</span> 6:t+0   0.5030805 0.4633386 0.4264777 0.61371409 0.4886090 0.34119243 0.4785721</span>
<span class="r-out co"><span class="r-pr">#&gt;</span> 7:t+0   0.5292240 0.5422326 0.4965495 0.48860901 0.5718097 0.39883662 0.5324723</span>
<span class="r-out co"><span class="r-pr">#&gt;</span> 8:t+0   0.3898931 0.4247552 0.4522946 0.34119243 0.3988366 0.55170277 0.4095947</span>
<span class="r-out co"><span class="r-pr">#&gt;</span> 9:t+0   0.4930211 0.5352656 0.4912144 0.47857214 0.5324723 0.40959475 0.6018067</span>
<span class="r-out co"><span class="r-pr">#&gt;</span> 10:t+0  0.4809359 0.5339771 0.5485144 0.42812338 0.5010166 0.46474944 0.5105713</span>
<span class="r-out co"><span class="r-pr">#&gt;</span> 1:lag1  0.7877867 0.8231584 0.7504156 0.80835264 0.8404890 0.62124560 0.9127733</span>
<span class="r-out co"><span class="r-pr">#&gt;</span> 2:lag1  0.8234446 0.9084478 0.8302957 0.76617248 0.8866743 0.67986717 0.9112998</span>
<span class="r-out co"><span class="r-pr">#&gt;</span> 3:lag1  0.9546246 0.8350013 0.7929304 0.81877287 0.8613219 0.63455838 0.8024010</span>
<span class="r-out co"><span class="r-pr">#&gt;</span> 4:lag1  0.8350013 0.9406054 0.8555088 0.75409224 0.8824937 0.69129711 0.8711549</span>
<span class="r-out co"><span class="r-pr">#&gt;</span> 5:lag1  0.7929304 0.8555088 0.9215503 0.69410042 0.8081437 0.73611793 0.7994606</span>
<span class="r-out co"><span class="r-pr">#&gt;</span> 6:lag1  0.8187729 0.7540922 0.6941004 0.99883117 0.7952203 0.55529707 0.7788851</span>
<span class="r-out co"><span class="r-pr">#&gt;</span> 7:lag1  0.8613219 0.8824937 0.8081437 0.79522031 0.9306310 0.64911407 0.8666086</span>
<span class="r-out co"><span class="r-pr">#&gt;</span> 8:lag1  0.6345584 0.6912971 0.7361179 0.55529707 0.6491141 0.89790658 0.6666231</span>
<span class="r-out co"><span class="r-pr">#&gt;</span> 9:lag1  0.8024010 0.8711549 0.7994606 0.77888512 0.8666086 0.66662312 0.9794516</span>
<span class="r-out co"><span class="r-pr">#&gt;</span> 10:lag1 0.7827321 0.8690578 0.8927175 0.69677882 0.8154139 0.75638841 0.8309644</span>
<span class="r-out co"><span class="r-pr">#&gt;</span> 1:lag2  0.4840415 0.5057751 0.4610795 0.49667794 0.5164236 0.38171333 0.5608374</span>
<span class="r-out co"><span class="r-pr">#&gt;</span> 2:lag2  0.5059509 0.5581796 0.5101605 0.47076108 0.5448013 0.41773232 0.5599320</span>
<span class="r-out co"><span class="r-pr">#&gt;</span> 3:lag2  0.5865522 0.5130517 0.4872020 0.50308046 0.5292240 0.38989314 0.4930211</span>
<span class="r-out co"><span class="r-pr">#&gt;</span> 4:lag2  0.5130517 0.5779383 0.5256522 0.46333860 0.5422326 0.42475524 0.5352656</span>
<span class="r-out co"><span class="r-pr">#&gt;</span> 5:lag2  0.4872020 0.5256522 0.5662302 0.42647769 0.4965495 0.45229460 0.4912144</span>
<span class="r-out co"><span class="r-pr">#&gt;</span> 6:lag2  0.5030805 0.4633386 0.4264777 0.61371409 0.4886090 0.34119243 0.4785721</span>
<span class="r-out co"><span class="r-pr">#&gt;</span> 7:lag2  0.5292240 0.5422326 0.4965495 0.48860901 0.5718097 0.39883662 0.5324723</span>
<span class="r-out co"><span class="r-pr">#&gt;</span> 8:lag2  0.3898931 0.4247552 0.4522946 0.34119243 0.3988366 0.55170277 0.4095947</span>
<span class="r-out co"><span class="r-pr">#&gt;</span> 9:lag2  0.4930211 0.5352656 0.4912144 0.47857214 0.5324723 0.40959475 0.6018067</span>
<span class="r-out co"><span class="r-pr">#&gt;</span> 10:lag2 0.4809359 0.5339771 0.5485144 0.42812338 0.5010166 0.46474944 0.5105713</span>
<span class="r-out co"><span class="r-pr">#&gt;</span> 1:lag3  0.2878410 0.3007651 0.2741864 0.29535540 0.3070974 0.22699034 0.3335086</span>
<span class="r-out co"><span class="r-pr">#&gt;</span> 2:lag3  0.3008697 0.3319281 0.3033729 0.27994364 0.3239725 0.24840945 0.3329702</span>
<span class="r-out co"><span class="r-pr">#&gt;</span> 3:lag3  0.3488002 0.3050923 0.2897204 0.29916274 0.3147093 0.23185456 0.2931808</span>
<span class="r-out co"><span class="r-pr">#&gt;</span> 4:lag3  0.3050923 0.3436778 0.3125853 0.27552977 0.3224450 0.25258572 0.3183020</span>
<span class="r-out co"><span class="r-pr">#&gt;</span> 5:lag3  0.2897204 0.3125853 0.3367155 0.25360999 0.2952790 0.26896232 0.2921064</span>
<span class="r-out co"><span class="r-pr">#&gt;</span> 6:lag3  0.2991627 0.2755298 0.2536100 0.36495233 0.2905571 0.20289411 0.2845886</span>
<span class="r-out co"><span class="r-pr">#&gt;</span> 7:lag3  0.3147093 0.3224450 0.2952790 0.29055712 0.3400334 0.23717291 0.3166409</span>
<span class="r-out co"><span class="r-pr">#&gt;</span> 8:lag3  0.2318546 0.2525857 0.2689623 0.20289411 0.2371729 0.32807656 0.2435704</span>
<span class="r-out co"><span class="r-pr">#&gt;</span> 9:lag3  0.2931808 0.3183020 0.2921064 0.28458857 0.3166409 0.24357035 0.3578714</span>
<span class="r-out co"><span class="r-pr">#&gt;</span> 10:lag3 0.2859942 0.3175358 0.3261806 0.25458862 0.2979354 0.27636874 0.3036173</span>
<span class="r-out co"><span class="r-pr">#&gt;</span> 1:lag4  0.1897960 0.1983178 0.1807924 0.19475079 0.2024932 0.14967239 0.2199081</span>
<span class="r-out co"><span class="r-pr">#&gt;</span> 2:lag4  0.1983868 0.2188660 0.2000374 0.18458861 0.2136203 0.16379567 0.2195531</span>
<span class="r-out co"><span class="r-pr">#&gt;</span> 3:lag4  0.2299911 0.2011711 0.1910352 0.19726126 0.2075123 0.15287974 0.1933169</span>
<span class="r-out co"><span class="r-pr">#&gt;</span> 4:lag4  0.2011711 0.2266135 0.2061118 0.18167821 0.2126131 0.16654941 0.2098813</span>
<span class="r-out co"><span class="r-pr">#&gt;</span> 5:lag4  0.1910352 0.2061118 0.2220227 0.16722479 0.1947004 0.17734778 0.1926085</span>
<span class="r-out co"><span class="r-pr">#&gt;</span> 6:lag4  0.1972613 0.1816782 0.1672248 0.24064145 0.1915869 0.13378387 0.1876514</span>
<span class="r-out co"><span class="r-pr">#&gt;</span> 7:lag4  0.2075123 0.2126131 0.1947004 0.19158691 0.2242105 0.15638654 0.2087860</span>
<span class="r-out co"><span class="r-pr">#&gt;</span> 8:lag4  0.1528797 0.1665494 0.1773478 0.13378387 0.1563865 0.21632640 0.1606049</span>
<span class="r-out co"><span class="r-pr">#&gt;</span> 9:lag4  0.1933169 0.2098813 0.1926085 0.18765138 0.2087860 0.16060488 0.2359725</span>
<span class="r-out co"><span class="r-pr">#&gt;</span> 10:lag4 0.1885782 0.2093761 0.2150762 0.16787008 0.1964520 0.18223141 0.2001985</span>
<span class="r-out co"><span class="r-pr">#&gt;</span> 1:lag5  0.1356514 0.1417421 0.1292163 0.13919268 0.1447263 0.10697415 0.1571732</span>
<span class="r-out co"><span class="r-pr">#&gt;</span> 2:lag5  0.1417914 0.1564284 0.1429711 0.13192955 0.1526791 0.11706838 0.1569195</span>
<span class="r-out co"><span class="r-pr">#&gt;</span> 3:lag5  0.1643797 0.1437814 0.1365371 0.14098697 0.1483136 0.10926652 0.1381679</span>
<span class="r-out co"><span class="r-pr">#&gt;</span> 4:lag5  0.1437814 0.1619657 0.1473126 0.12984942 0.1519592 0.11903654 0.1500068</span>
<span class="r-out co"><span class="r-pr">#&gt;</span> 5:lag5  0.1365371 0.1473126 0.1586845 0.11951925 0.1391567 0.12675437 0.1376615</span>
<span class="r-out co"><span class="r-pr">#&gt;</span> 6:lag5  0.1409870 0.1298494 0.1195192 0.17199175 0.1369314 0.09561828 0.1341186</span>
<span class="r-out co"><span class="r-pr">#&gt;</span> 7:lag5  0.1483136 0.1519592 0.1391567 0.13693139 0.1602482 0.11177291 0.1492240</span>
<span class="r-out co"><span class="r-pr">#&gt;</span> 8:lag5  0.1092665 0.1190365 0.1267544 0.09561828 0.1117729 0.15461324 0.1147878</span>
<span class="r-out co"><span class="r-pr">#&gt;</span> 9:lag5  0.1381679 0.1500068 0.1376615 0.13411858 0.1492240 0.11478785 0.1686547</span>
<span class="r-out co"><span class="r-pr">#&gt;</span> 10:lag5 0.1347810 0.1496457 0.1537197 0.11998045 0.1404086 0.13024480 0.1430863</span>
<span class="r-out co"><span class="r-pr">#&gt;</span>           10:lag1    1:lag2    2:lag2    3:lag2    4:lag2    5:lag2    6:lag2</span>
<span class="r-out co"><span class="r-pr">#&gt;</span> 1:t+0   0.4767071 0.3554023 0.3138277 0.2878410 0.3007651 0.2741864 0.2953554</span>
<span class="r-out co"><span class="r-pr">#&gt;</span> 2:t+0   0.5250900 0.3138277 0.3472345 0.3008697 0.3319281 0.3033729 0.2799436</span>
<span class="r-out co"><span class="r-pr">#&gt;</span> 3:t+0   0.4809359 0.2878410 0.3008697 0.3488002 0.3050923 0.2897204 0.2991627</span>
<span class="r-out co"><span class="r-pr">#&gt;</span> 4:t+0   0.5339771 0.3007651 0.3319281 0.3050923 0.3436778 0.3125853 0.2755298</span>
<span class="r-out co"><span class="r-pr">#&gt;</span> 5:t+0   0.5485144 0.2741864 0.3033729 0.2897204 0.3125853 0.3367155 0.2536100</span>
<span class="r-out co"><span class="r-pr">#&gt;</span> 6:t+0   0.4281234 0.2953554 0.2799436 0.2991627 0.2755298 0.2536100 0.3649523</span>
<span class="r-out co"><span class="r-pr">#&gt;</span> 7:t+0   0.5010166 0.3070974 0.3239725 0.3147093 0.3224450 0.2952790 0.2905571</span>
<span class="r-out co"><span class="r-pr">#&gt;</span> 8:t+0   0.4647494 0.2269903 0.2484095 0.2318546 0.2525857 0.2689623 0.2028941</span>
<span class="r-out co"><span class="r-pr">#&gt;</span> 9:t+0   0.5105713 0.3335086 0.3329702 0.2931808 0.3183020 0.2921064 0.2845886</span>
<span class="r-out co"><span class="r-pr">#&gt;</span> 10:t+0  0.5848071 0.2834795 0.3122510 0.2859942 0.3175358 0.3261806 0.2545886</span>
<span class="r-out co"><span class="r-pr">#&gt;</span> 1:lag1  0.7758497 0.5976545 0.5277415 0.4840415 0.5057751 0.4610795 0.4966779</span>
<span class="r-out co"><span class="r-pr">#&gt;</span> 2:lag1  0.8545939 0.5277415 0.5839192 0.5059509 0.5581796 0.5101605 0.4707611</span>
<span class="r-out co"><span class="r-pr">#&gt;</span> 3:lag1  0.7827321 0.4840415 0.5059509 0.5865522 0.5130517 0.4872020 0.5030805</span>
<span class="r-out co"><span class="r-pr">#&gt;</span> 4:lag1  0.8690578 0.5057751 0.5581796 0.5130517 0.5779383 0.5256522 0.4633386</span>
<span class="r-out co"><span class="r-pr">#&gt;</span> 5:lag1  0.8927175 0.4610795 0.5101605 0.4872020 0.5256522 0.5662302 0.4264777</span>
<span class="r-out co"><span class="r-pr">#&gt;</span> 6:lag1  0.6967788 0.4966779 0.4707611 0.5030805 0.4633386 0.4264777 0.6137141</span>
<span class="r-out co"><span class="r-pr">#&gt;</span> 7:lag1  0.8154139 0.5164236 0.5448013 0.5292240 0.5422326 0.4965495 0.4886090</span>
<span class="r-out co"><span class="r-pr">#&gt;</span> 8:lag1  0.7563884 0.3817133 0.4177323 0.3898931 0.4247552 0.4522946 0.3411924</span>
<span class="r-out co"><span class="r-pr">#&gt;</span> 9:lag1  0.8309644 0.5608374 0.5599320 0.4930211 0.5352656 0.4912144 0.4785721</span>
<span class="r-out co"><span class="r-pr">#&gt;</span> 10:lag1 0.9517845 0.4767071 0.5250900 0.4809359 0.5339771 0.5485144 0.4281234</span>
<span class="r-out co"><span class="r-pr">#&gt;</span> 1:lag2  0.4767071 0.9726939 0.8589092 0.7877867 0.8231584 0.7504156 0.8083526</span>
<span class="r-out co"><span class="r-pr">#&gt;</span> 2:lag2  0.5250900 0.8589092 0.9503394 0.8234446 0.9084478 0.8302957 0.7661725</span>
<span class="r-out co"><span class="r-pr">#&gt;</span> 3:lag2  0.4809359 0.7877867 0.8234446 0.9546246 0.8350013 0.7929304 0.8187729</span>
<span class="r-out co"><span class="r-pr">#&gt;</span> 4:lag2  0.5339771 0.8231584 0.9084478 0.8350013 0.9406054 0.8555088 0.7540922</span>
<span class="r-out co"><span class="r-pr">#&gt;</span> 5:lag2  0.5485144 0.7504156 0.8302957 0.7929304 0.8555088 0.9215503 0.6941004</span>
<span class="r-out co"><span class="r-pr">#&gt;</span> 6:lag2  0.4281234 0.8083526 0.7661725 0.8187729 0.7540922 0.6941004 0.9988312</span>
