<!DOCTYPE html>
<!-- Generated by pkgdown: do not edit by hand --><html lang="en"><head><meta http-equiv="Content-Type" content="text/html; charset=UTF-8"><meta charset="utf-8"><meta http-equiv="X-UA-Compatible" content="IE=edge"><meta name="viewport" content="width=device-width, initial-scale=1, shrink-to-fit=no"><meta name="description" content="Covariance/correlation for joint distribution of an mcgf_rsobject"><title>Covariance/correlation for joint distribution of an mcgf_rsobject — ccov.mcgf_rs • mcgf</title><script src="../deps/jquery-3.6.0/jquery-3.6.0.min.js"></script><meta name="viewport" content="width=device-width, initial-scale=1, shrink-to-fit=no"><link href="../deps/bootstrap-5.3.1/bootstrap.min.css" rel="stylesheet"><script src="../deps/bootstrap-5.3.1/bootstrap.bundle.min.js"></script><!-- Font Awesome icons --><link rel="stylesheet" href="https://cdnjs.cloudflare.com/ajax/libs/font-awesome/5.12.1/css/all.min.css" integrity="sha256-mmgLkCYLUQbXn0B1SRqzHar6dCnv9oZFPEC1g1cwlkk=" crossorigin="anonymous"><link rel="stylesheet" href="https://cdnjs.cloudflare.com/ajax/libs/font-awesome/5.12.1/css/v4-shims.min.css" integrity="sha256-wZjR52fzng1pJHwx4aV2AO3yyTOXrcDW7jBpJtTwVxw=" crossorigin="anonymous"><!-- bootstrap-toc --><script src="https://cdn.jsdelivr.net/gh/afeld/bootstrap-toc@v1.0.1/dist/bootstrap-toc.min.js" integrity="sha256-4veVQbu7//Lk5TSmc7YV48MxtMy98e26cf5MrgZYnwo=" crossorigin="anonymous"></script><!-- headroom.js --><script src="https://cdnjs.cloudflare.com/ajax/libs/headroom/0.11.0/headroom.min.js" integrity="sha256-AsUX4SJE1+yuDu5+mAVzJbuYNPHj/WroHuZ8Ir/CkE0=" crossorigin="anonymous"></script><script src="https://cdnjs.cloudflare.com/ajax/libs/headroom/0.11.0/jQuery.headroom.min.js" integrity="sha256-ZX/yNShbjqsohH1k95liqY9Gd8uOiE1S4vZc+9KQ1K4=" crossorigin="anonymous"></script><!-- clipboard.js --><script src="https://cdnjs.cloudflare.com/ajax/libs/clipboard.js/2.0.6/clipboard.min.js" integrity="sha256-inc5kl9MA1hkeYUt+EC3BhlIgyp/2jDIyBLS6k3UxPI=" crossorigin="anonymous"></script><!-- search --><script src="https://cdnjs.cloudflare.com/ajax/libs/fuse.js/6.4.6/fuse.js" integrity="sha512-zv6Ywkjyktsohkbp9bb45V6tEMoWhzFzXis+LrMehmJZZSys19Yxf1dopHx7WzIKxr5tK2dVcYmaCk2uqdjF4A==" crossorigin="anonymous"></script><script src="https://cdnjs.cloudflare.com/ajax/libs/autocomplete.js/0.38.0/autocomplete.jquery.min.js" integrity="sha512-GU9ayf+66Xx2TmpxqJpliWbT5PiGYxpaG8rfnBEk1LL8l1KGkRShhngwdXK1UgqhAzWpZHSiYPc09/NwDQIGyg==" crossorigin="anonymous"></script><script src="https://cdnjs.cloudflare.com/ajax/libs/mark.js/8.11.1/mark.min.js" integrity="sha512-5CYOlHXGh6QpOFA/TeTylKLWfB3ftPsde7AnmhuitiTX4K5SqCLBeKro6sPS8ilsz1Q4NRx3v8Ko2IBiszzdww==" crossorigin="anonymous"></script><!-- pkgdown --><script src="../pkgdown.js"></script><meta property="og:title" content="Covariance/correlation for joint distribution of an mcgf_rsobject — ccov.mcgf_rs"><meta property="og:description" content="Covariance/correlation for joint distribution of an mcgf_rsobject"><!-- mathjax --><script src="https://cdnjs.cloudflare.com/ajax/libs/mathjax/2.7.5/MathJax.js" integrity="sha256-nvJJv9wWKEm88qvoQl9ekL2J+k/RWIsaSScxxlsrv8k=" crossorigin="anonymous"></script><script src="https://cdnjs.cloudflare.com/ajax/libs/mathjax/2.7.5/config/TeX-AMS-MML_HTMLorMML.js" integrity="sha256-84DKXVJXs0/F8OTMzX4UR909+jtl4G7SPypPavF+GfA=" crossorigin="anonymous"></script><!--[if lt IE 9]>
<script src="https://oss.maxcdn.com/html5shiv/3.7.3/html5shiv.min.js"></script>
<script src="https://oss.maxcdn.com/respond/1.4.2/respond.min.js"></script>
<![endif]--></head><body>
    <a href="#main" class="visually-hidden-focusable">Skip to contents</a>
    

    <nav class="navbar fixed-top navbar-light navbar-expand-lg bg-light"><div class="container">
    
    <a class="navbar-brand me-2" href="../index.html">mcgf</a>

    <small class="nav-text text-muted me-auto" data-bs-toggle="tooltip" data-bs-placement="bottom" title="">1.0.1.9000</small>

    
    <button class="navbar-toggler" type="button" data-bs-toggle="collapse" data-bs-target="#navbar" aria-controls="navbar" aria-expanded="false" aria-label="Toggle navigation">
      <span class="navbar-toggler-icon"></span>
    </button>

    <div id="navbar" class="collapse navbar-collapse ms-3">
      <ul class="navbar-nav me-auto"><li class="nav-item">
  <a class="nav-link" href="../articles/mcgf.html">Get started</a>
</li>
<li class="active nav-item">
  <a class="nav-link" href="../reference/index.html">Reference</a>
</li>
<li class="nav-item">
  <a class="nav-link" href="../news/index.html">Changelog</a>
</li>
      </ul><form class="form-inline my-2 my-lg-0" role="search">
        <input type="search" class="form-control me-sm-2" aria-label="Toggle navigation" name="search-input" data-search-index="../search.json" id="search-input" placeholder="Search for" autocomplete="off"></form>

      <ul class="navbar-nav"><li class="nav-item">
  <a class="external-link nav-link" href="https://github.com/tianxia-jia/mcgf/" aria-label="github">
    <span class="fab fa fab fa-github fa-lg"></span>
     
  </a>
</li>
      </ul></div>

    
  </div>
</nav><div class="container template-reference-topic">
<div class="row">
  <main id="main" class="col-md-9"><div class="page-header">
      <img src="" class="logo" alt=""><h1>Covariance/correlation for joint distribution of an <code>mcgf_rs</code>object</h1>
      <small class="dont-index">Source: <a href="https://github.com/tianxia-jia/mcgf/blob/HEAD/R/ccov.R" class="external-link"><code>R/ccov.R</code></a></small>
      <div class="d-none name"><code>ccov.mcgf_rs.Rd</code></div>
    </div>

    <div class="ref-description section level2">
    <p>Covariance/correlation for joint distribution of an <code>mcgf_rs</code>object</p>
    </div>

    <div class="section level2">
    <h2 id="ref-usage">Usage<a class="anchor" aria-label="anchor" href="#ref-usage"></a></h2>
    <div class="sourceCode"><pre class="sourceCode r"><code><span><span class="co"># S3 method for mcgf_rs</span></span>
<span><span class="fu"><a href="ccov.html">ccov</a></span><span class="op">(</span><span class="va">x</span>, model <span class="op">=</span> <span class="fu"><a href="https://rdrr.io/r/base/c.html" class="external-link">c</a></span><span class="op">(</span><span class="st">"all"</span>, <span class="st">"base"</span>, <span class="st">"empirical"</span><span class="op">)</span>, cor <span class="op">=</span> <span class="cn">FALSE</span>, <span class="va">...</span><span class="op">)</span></span></code></pre></div>
    </div>

    <div class="section level2">
    <h2 id="arguments">Arguments<a class="anchor" aria-label="anchor" href="#arguments"></a></h2>
    <dl><dt>x</dt>
<dd><p>An <code>mcgf</code> object.</p></dd>


<dt>model</dt>
<dd><p>Which model to use. One of <code>all</code>, <code>base</code>, and <code>empirical</code>.</p></dd>


<dt>cor</dt>
<dd><p>Logical; if TRUE, correlation is returned</p></dd>


<dt>...</dt>
<dd><p>Additional arguments. Not in use.</p></dd>

</dl></div>
    <div class="section level2">
    <h2 id="value">Value<a class="anchor" aria-label="anchor" href="#value"></a></h2>
    

<p>A list of joint covariance/correlation matrix.</p>
    </div>

    <div class="section level2">
    <h2 id="ref-examples">Examples<a class="anchor" aria-label="anchor" href="#ref-examples"></a></h2>
    <div class="sourceCode"><pre class="sourceCode r"><code><span class="r-in"><span><span class="fu"><a href="https://rdrr.io/r/utils/data.html" class="external-link">data</a></span><span class="op">(</span><span class="va">sim2</span><span class="op">)</span></span></span>
<span class="r-in"><span><span class="va">sim2_mcgf</span> <span class="op">&lt;-</span> <span class="fu"><a href="mcgf_rs.html">mcgf_rs</a></span><span class="op">(</span><span class="va">sim2</span><span class="op">$</span><span class="va">data</span>, dists <span class="op">=</span> <span class="va">sim2</span><span class="op">$</span><span class="va">dists</span>, label <span class="op">=</span> <span class="va">sim2</span><span class="op">$</span><span class="va">label</span><span class="op">)</span></span></span>
<span class="r-msg co"><span class="r-pr">#&gt;</span> `time` is not provided, assuming rows are equally spaced temporally.</span>
<span class="r-in"><span><span class="va">sim2_mcgf</span> <span class="op">&lt;-</span> <span class="fu"><a href="acfs.mcgf.html">add_acfs</a></span><span class="op">(</span><span class="va">sim2_mcgf</span>, lag_max <span class="op">=</span> <span class="fl">5</span><span class="op">)</span></span></span>
<span class="r-in"><span><span class="va">sim2_mcgf</span> <span class="op">&lt;-</span> <span class="fu"><a href="ccfs.mcgf.html">add_ccfs</a></span><span class="op">(</span><span class="va">sim2_mcgf</span>, lag_max <span class="op">=</span> <span class="fl">5</span><span class="op">)</span></span></span>
<span class="r-in"><span></span></span>
<span class="r-in"><span><span class="co"># Fit a regime-switching separable model</span></span></span>
<span class="r-in"><span><span class="va">fit_sep</span> <span class="op">&lt;-</span> <span class="fu"><a href="fit_base.html">fit_base</a></span><span class="op">(</span></span></span>
<span class="r-in"><span>    <span class="va">sim2_mcgf</span>,</span></span>
<span class="r-in"><span>    lag_ls <span class="op">=</span> <span class="fl">5</span>,</span></span>
<span class="r-in"><span>    model_ls <span class="op">=</span> <span class="st">"sep"</span>,</span></span>
<span class="r-in"><span>    par_init_ls <span class="op">=</span> <span class="fu"><a href="https://rdrr.io/r/base/list.html" class="external-link">list</a></span><span class="op">(</span><span class="fu"><a href="https://rdrr.io/r/base/list.html" class="external-link">list</a></span><span class="op">(</span></span></span>
<span class="r-in"><span>        c <span class="op">=</span> <span class="fl">0.000001</span>,</span></span>
<span class="r-in"><span>        gamma <span class="op">=</span> <span class="fl">0.5</span>,</span></span>
<span class="r-in"><span>        a <span class="op">=</span> <span class="fl">0.5</span>,</span></span>
<span class="r-in"><span>        alpha <span class="op">=</span> <span class="fl">0.5</span></span></span>
<span class="r-in"><span>    <span class="op">)</span><span class="op">)</span>,</span></span>
<span class="r-in"><span>    par_fixed_ls <span class="op">=</span> <span class="fu"><a href="https://rdrr.io/r/base/list.html" class="external-link">list</a></span><span class="op">(</span><span class="fu"><a href="https://rdrr.io/r/base/c.html" class="external-link">c</a></span><span class="op">(</span>nugget <span class="op">=</span> <span class="fl">0</span><span class="op">)</span><span class="op">)</span></span></span>
<span class="r-in"><span><span class="op">)</span></span></span>
<span class="r-in"><span><span class="va">sim2_mcgf</span> <span class="op">&lt;-</span> <span class="fu"><a href="add_base.html">add_base</a></span><span class="op">(</span><span class="va">sim2_mcgf</span>, fit_base_ls <span class="op">=</span> <span class="va">fit_sep</span><span class="op">)</span></span></span>
<span class="r-in"><span></span></span>
<span class="r-in"><span><span class="fu"><a href="ccov.html">ccov</a></span><span class="op">(</span><span class="va">sim2_mcgf</span>, model <span class="op">=</span> <span class="st">"base"</span><span class="op">)</span></span></span>
<span class="r-out co"><span class="r-pr">#&gt;</span> $`Regime 1`</span>
<span class="r-out co"><span class="r-pr">#&gt;</span>             1:t+0     2:t+0     3:t+0     4:t+0     5:t+0     6:t+0     7:t+0</span>
<span class="r-out co"><span class="r-pr">#&gt;</span> 1:t+0   0.8784702 0.7533879 0.6995302 0.7590366 0.6644651 0.6511214 0.7988755</span>
<span class="r-out co"><span class="r-pr">#&gt;</span> 2:t+0   0.7533879 0.9035621 0.7555204 0.8856540 0.7651283 0.6311461 0.8800383</span>
<span class="r-out co"><span class="r-pr">#&gt;</span> 3:t+0   0.6995302 0.7555204 0.9549907 0.8136624 0.7435704 0.6958010 0.8683357</span>
<span class="r-out co"><span class="r-pr">#&gt;</span> 4:t+0   0.7590366 0.8856540 0.8136624 1.0019926 0.8415228 0.6571386 0.9272689</span>
<span class="r-out co"><span class="r-pr">#&gt;</span> 5:t+0   0.6644651 0.7651283 0.7435704 0.8415228 0.9212602 0.5848174 0.8063204</span>
<span class="r-out co"><span class="r-pr">#&gt;</span> 6:t+0   0.6511214 0.6311461 0.6958010 0.6571386 0.5848174 0.8217195 0.7142313</span>
<span class="r-out co"><span class="r-pr">#&gt;</span> 7:t+0   0.7988755 0.8800383 0.8683357 0.9272689 0.8063204 0.7142313 1.0437810</span>
<span class="r-out co"><span class="r-pr">#&gt;</span> 8:t+0   0.5649155 0.6334645 0.6067227 0.6821002 0.7064202 0.4856767 0.6568083</span>
<span class="r-out co"><span class="r-pr">#&gt;</span> 9:t+0   0.7686231 0.7901780 0.6942579 0.7898189 0.6926089 0.6084416 0.8062194</span>
<span class="r-out co"><span class="r-pr">#&gt;</span> 10:t+0  0.6469988 0.7427705 0.6881104 0.8039758 0.8102811 0.5521983 0.7643157</span>
<span class="r-out co"><span class="r-pr">#&gt;</span> 1:lag1  0.6063760 0.5200362 0.4828602 0.5239353 0.4586561 0.4494454 0.5514346</span>
<span class="r-out co"><span class="r-pr">#&gt;</span> 2:lag1  0.5200362 0.6236960 0.5215082 0.6113347 0.5281402 0.4356571 0.6074584</span>
<span class="r-out co"><span class="r-pr">#&gt;</span> 3:lag1  0.4828602 0.5215082 0.6591953 0.5616415 0.5132595 0.4802861 0.5993805</span>
<span class="r-out co"><span class="r-pr">#&gt;</span> 4:lag1  0.5239353 0.6113347 0.5616415 0.6916390 0.5808725 0.4535988 0.6400599</span>
<span class="r-out co"><span class="r-pr">#&gt;</span> 5:lag1  0.4586561 0.5281402 0.5132595 0.5808725 0.6359123 0.4036781 0.5565736</span>
<span class="r-out co"><span class="r-pr">#&gt;</span> 6:lag1  0.4494454 0.4356571 0.4802861 0.4535988 0.4036781 0.5672030 0.4930079</span>
<span class="r-out co"><span class="r-pr">#&gt;</span> 7:lag1  0.5514346 0.6074584 0.5993805 0.6400599 0.5565736 0.4930079 0.7204840</span>
<span class="r-out co"><span class="r-pr">#&gt;</span> 8:lag1  0.3899406 0.4372574 0.4187986 0.4708289 0.4876161 0.3352449 0.4533708</span>
<span class="r-out co"><span class="r-pr">#&gt;</span> 9:lag1  0.5305525 0.5454311 0.4792209 0.5451832 0.4780827 0.4199851 0.5565039</span>
<span class="r-out co"><span class="r-pr">#&gt;</span> 10:lag1 0.4465997 0.5127074 0.4749775 0.5549552 0.5593075 0.3811623 0.5275793</span>
<span class="r-out co"><span class="r-pr">#&gt;</span> 1:lag2  0.5080317 0.4356948 0.4045481 0.4389615 0.3842695 0.3765527 0.4620009</span>
<span class="r-out co"><span class="r-pr">#&gt;</span> 2:lag2  0.4356948 0.5225427 0.4369280 0.5121861 0.4424844 0.3650006 0.5089385</span>
<span class="r-out co"><span class="r-pr">#&gt;</span> 3:lag2  0.4045481 0.4369280 0.5522845 0.4705524 0.4300172 0.4023915 0.5021707</span>
<span class="r-out co"><span class="r-pr">#&gt;</span> 4:lag2  0.4389615 0.5121861 0.4705524 0.5794664 0.4866644 0.3800325 0.5362526</span>
<span class="r-out co"><span class="r-pr">#&gt;</span> 5:lag2  0.3842695 0.4424844 0.4300172 0.4866644 0.5327777 0.3382081 0.4663064</span>
<span class="r-out co"><span class="r-pr">#&gt;</span> 6:lag2  0.3765527 0.3650006 0.4023915 0.3800325 0.3382081 0.4752119 0.4130500</span>
<span class="r-out co"><span class="r-pr">#&gt;</span> 7:lag2  0.4620009 0.5089385 0.5021707 0.5362526 0.4663064 0.4130500 0.6036332</span>
<span class="r-out co"><span class="r-pr">#&gt;</span> 8:lag2  0.3266985 0.3663414 0.3508763 0.3944681 0.4085327 0.2808737 0.3798415</span>
<span class="r-out co"><span class="r-pr">#&gt;</span> 9:lag2  0.4445055 0.4569710 0.4014991 0.4567634 0.4005454 0.3518703 0.4662480</span>
<span class="r-out co"><span class="r-pr">#&gt;</span> 10:lag2 0.3741685 0.4295546 0.3979439 0.4649505 0.4685970 0.3193440 0.4420145</span>
<span class="r-out co"><span class="r-pr">#&gt;</span> 1:lag3  0.4462314 0.3826941 0.3553363 0.3855634 0.3375245 0.3307464 0.4058001</span>
<span class="r-out co"><span class="r-pr">#&gt;</span> 2:lag3  0.3826941 0.4589772 0.3837773 0.4498805 0.3886577 0.3205996 0.4470279</span>
<span class="r-out co"><span class="r-pr">#&gt;</span> 3:lag3  0.3553363 0.3837773 0.4851011 0.4133113 0.3777071 0.3534420 0.4410834</span>
<span class="r-out co"><span class="r-pr">#&gt;</span> 4:lag3  0.3855634 0.4498805 0.4133113 0.5089764 0.4274634 0.3338029 0.4710194</span>
<span class="r-out co"><span class="r-pr">#&gt;</span> 5:lag3  0.3375245 0.3886577 0.3777071 0.4274634 0.4679672 0.2970663 0.4095819</span>
<span class="r-out co"><span class="r-pr">#&gt;</span> 6:lag3  0.3307464 0.3205996 0.3534420 0.3338029 0.2970663 0.4174041 0.3628039</span>
<span class="r-out co"><span class="r-pr">#&gt;</span> 7:lag3  0.4058001 0.4470279 0.4410834 0.4710194 0.4095819 0.3628039 0.5302033</span>
<span class="r-out co"><span class="r-pr">#&gt;</span> 8:lag3  0.2869568 0.3217772 0.3081934 0.3464825 0.3588361 0.2467064 0.3336351</span>
<span class="r-out co"><span class="r-pr">#&gt;</span> 9:lag3  0.3904330 0.4013821 0.3526582 0.4011997 0.3518205 0.3090666 0.4095306</span>
<span class="r-out co"><span class="r-pr">#&gt;</span> 10:lag3 0.3286522 0.3773008 0.3495354 0.4083909 0.4115938 0.2804969 0.3882450</span>
<span class="r-out co"><span class="r-pr">#&gt;</span> 1:lag4  0.4020684 0.3448193 0.3201690 0.3474046 0.3041201 0.2980128 0.3656385</span>
<span class="r-out co"><span class="r-pr">#&gt;</span> 2:lag4  0.3448193 0.4135528 0.3457953 0.4053563 0.3501927 0.2888702 0.4027861</span>
<span class="r-out co"><span class="r-pr">#&gt;</span> 3:lag4  0.3201690 0.3457953 0.4370912 0.3724064 0.3403259 0.3184622 0.3974299</span>
<span class="r-out co"><span class="r-pr">#&gt;</span> 4:lag4  0.3474046 0.4053563 0.3724064 0.4586036 0.3851579 0.3007668 0.4244031</span>
<span class="r-out co"><span class="r-pr">#&gt;</span> 5:lag4  0.3041201 0.3501927 0.3403259 0.3851579 0.4216530 0.2676660 0.3690460</span>
<span class="r-out co"><span class="r-pr">#&gt;</span> 6:lag4  0.2980128 0.2888702 0.3184622 0.3007668 0.2676660 0.3760941 0.3268976</span>
<span class="r-out co"><span class="r-pr">#&gt;</span> 7:lag4  0.3656385 0.4027861 0.3974299 0.4244031 0.3690460 0.3268976 0.4777297</span>
<span class="r-out co"><span class="r-pr">#&gt;</span> 8:lag4  0.2585570 0.2899313 0.2776919 0.3121915 0.3233225 0.2222901 0.3006156</span>
<span class="r-out co"><span class="r-pr">#&gt;</span> 9:lag4  0.3517923 0.3616578 0.3177560 0.3614934 0.3170012 0.2784786 0.3689998</span>
<span class="r-out co"><span class="r-pr">#&gt;</span> 10:lag4 0.2961259 0.3399598 0.3149423 0.3679729 0.3708588 0.2527365 0.3498209</span>
<span class="r-out co"><span class="r-pr">#&gt;</span> 1:lag5  0.3682813 0.3158430 0.2932642 0.3182111 0.2785639 0.2729698 0.3349127</span>
<span class="r-out co"><span class="r-pr">#&gt;</span> 2:lag5  0.3158430 0.3788006 0.3167370 0.3712929 0.3207649 0.2645955 0.3689387</span>
<span class="r-out co"><span class="r-pr">#&gt;</span> 3:lag5  0.2932642 0.3167370 0.4003610 0.3411119 0.3117272 0.2917008 0.3640326</span>
<span class="r-out co"><span class="r-pr">#&gt;</span> 4:lag5  0.3182111 0.3712929 0.3411119 0.4200656 0.3527918 0.2754924 0.3887392</span>
<span class="r-out co"><span class="r-pr">#&gt;</span> 5:lag5  0.2785639 0.3207649 0.3117272 0.3527918 0.3862201 0.2451731 0.3380339</span>
<span class="r-out co"><span class="r-pr">#&gt;</span> 6:lag5  0.2729698 0.2645955 0.2917008 0.2754924 0.2451731 0.3444897 0.2994274</span>
<span class="r-out co"><span class="r-pr">#&gt;</span> 7:lag5  0.3349127 0.3689387 0.3640326 0.3887392 0.3380339 0.2994274 0.4375845</span>
<span class="r-out co"><span class="r-pr">#&gt;</span> 8:lag5  0.2368296 0.2655675 0.2543565 0.2859570 0.2961527 0.2036104 0.2753539</span>
<span class="r-out co"><span class="r-pr">#&gt;</span> 9:lag5  0.3222300 0.3312665 0.2910539 0.3311160 0.2903626 0.2550771 0.3379916</span>
<span class="r-out co"><span class="r-pr">#&gt;</span> 10:lag5 0.2712415 0.3113919 0.2884767 0.3370509 0.3396944 0.2314982 0.3204243</span>
<span class="r-out co"><span class="r-pr">#&gt;</span>             8:t+0     9:t+0    10:t+0    1:lag1    2:lag1    3:lag1    4:lag1</span>
<span class="r-out co"><span class="r-pr">#&gt;</span> 1:t+0   0.5649155 0.7686231 0.6469988 0.6063760 0.5200362 0.4828602 0.5239353</span>
<span class="r-out co"><span class="r-pr">#&gt;</span> 2:t+0   0.6334645 0.7901780 0.7427705 0.5200362 0.6236960 0.5215082 0.6113347</span>
<span class="r-out co"><span class="r-pr">#&gt;</span> 3:t+0   0.6067227 0.6942579 0.6881104 0.4828602 0.5215082 0.6591953 0.5616415</span>
<span class="r-out co"><span class="r-pr">#&gt;</span> 4:t+0   0.6821002 0.7898189 0.8039758 0.5239353 0.6113347 0.5616415 0.6916390</span>
<span class="r-out co"><span class="r-pr">#&gt;</span> 5:t+0   0.7064202 0.6926089 0.8102811 0.4586561 0.5281402 0.5132595 0.5808725</span>
<span class="r-out co"><span class="r-pr">#&gt;</span> 6:t+0   0.4856767 0.6084416 0.5521983 0.4494454 0.4356571 0.4802861 0.4535988</span>
<span class="r-out co"><span class="r-pr">#&gt;</span> 7:t+0   0.6568083 0.8062194 0.7643157 0.5514346 0.6074584 0.5993805 0.6400599</span>
<span class="r-out co"><span class="r-pr">#&gt;</span> 8:t+0   0.9495422 0.5888778 0.6834331 0.3899406 0.4372574 0.4187986 0.4708289</span>
<span class="r-out co"><span class="r-pr">#&gt;</span> 9:t+0   0.5888778 0.8372877 0.6792739 0.5305525 0.5454311 0.4792209 0.5451832</span>
<span class="r-out co"><span class="r-pr">#&gt;</span> 10:t+0  0.6834331 0.6792739 0.8418061 0.4465997 0.5127074 0.4749775 0.5549552</span>
<span class="r-out co"><span class="r-pr">#&gt;</span> 1:lag1  0.3899406 0.5305525 0.4465997 0.8784702 0.7533879 0.6995302 0.7590366</span>
<span class="r-out co"><span class="r-pr">#&gt;</span> 2:lag1  0.4372574 0.5454311 0.5127074 0.7533879 0.9035621 0.7555204 0.8856540</span>
<span class="r-out co"><span class="r-pr">#&gt;</span> 3:lag1  0.4187986 0.4792209 0.4749775 0.6995302 0.7555204 0.9549907 0.8136624</span>
<span class="r-out co"><span class="r-pr">#&gt;</span> 4:lag1  0.4708289 0.5451832 0.5549552 0.7590366 0.8856540 0.8136624 1.0019926</span>
<span class="r-out co"><span class="r-pr">#&gt;</span> 5:lag1  0.4876161 0.4780827 0.5593075 0.6644651 0.7651283 0.7435704 0.8415228</span>
<span class="r-out co"><span class="r-pr">#&gt;</span> 6:lag1  0.3352449 0.4199851 0.3811623 0.6511214 0.6311461 0.6958010 0.6571386</span>
<span class="r-out co"><span class="r-pr">#&gt;</span> 7:lag1  0.4533708 0.5565039 0.5275793 0.7988755 0.8800383 0.8683357 0.9272689</span>
<span class="r-out co"><span class="r-pr">#&gt;</span> 8:lag1  0.6554344 0.4064809 0.4717490 0.5649155 0.6334645 0.6067227 0.6821002</span>
<span class="r-out co"><span class="r-pr">#&gt;</span> 9:lag1  0.4064809 0.5779492 0.4688780 0.7686231 0.7901780 0.6942579 0.7898189</span>
<span class="r-out co"><span class="r-pr">#&gt;</span> 10:lag1 0.4717490 0.4688780 0.5810680 0.6469988 0.7427705 0.6881104 0.8039758</span>
<span class="r-out co"><span class="r-pr">#&gt;</span> 1:lag2  0.3266985 0.4445055 0.3741685 0.6063760 0.5200362 0.4828602 0.5239353</span>
<span class="r-out co"><span class="r-pr">#&gt;</span> 2:lag2  0.3663414 0.4569710 0.4295546 0.5200362 0.6236960 0.5215082 0.6113347</span>
<span class="r-out co"><span class="r-pr">#&gt;</span> 3:lag2  0.3508763 0.4014991 0.3979439 0.4828602 0.5215082 0.6591953 0.5616415</span>
<span class="r-out co"><span class="r-pr">#&gt;</span> 4:lag2  0.3944681 0.4567634 0.4649505 0.5239353 0.6113347 0.5616415 0.6916390</span>
<span class="r-out co"><span class="r-pr">#&gt;</span> 5:lag2  0.4085327 0.4005454 0.4685970 0.4586561 0.5281402 0.5132595 0.5808725</span>
<span class="r-out co"><span class="r-pr">#&gt;</span> 6:lag2  0.2808737 0.3518703 0.3193440 0.4494454 0.4356571 0.4802861 0.4535988</span>
<span class="r-out co"><span class="r-pr">#&gt;</span> 7:lag2  0.3798415 0.4662480 0.4420145 0.5514346 0.6074584 0.5993805 0.6400599</span>
<span class="r-out co"><span class="r-pr">#&gt;</span> 8:lag2  0.5491336 0.3405563 0.3952389 0.3899406 0.4372574 0.4187986 0.4708289</span>
<span class="r-out co"><span class="r-pr">#&gt;</span> 9:lag2  0.3405563 0.4842152 0.3928336 0.5305525 0.5454311 0.4792209 0.5451832</span>
<span class="r-out co"><span class="r-pr">#&gt;</span> 10:lag2 0.3952389 0.3928336 0.4868283 0.4465997 0.5127074 0.4749775 0.5549552</span>
<span class="r-out co"><span class="r-pr">#&gt;</span> 1:lag3  0.2869568 0.3904330 0.3286522 0.5080317 0.4356948 0.4045481 0.4389615</span>
<span class="r-out co"><span class="r-pr">#&gt;</span> 2:lag3  0.3217772 0.4013821 0.3773008 0.4356948 0.5225427 0.4369280 0.5121861</span>
<span class="r-out co"><span class="r-pr">#&gt;</span> 3:lag3  0.3081934 0.3526582 0.3495354 0.4045481 0.4369280 0.5522845 0.4705524</span>
<span class="r-out co"><span class="r-pr">#&gt;</span> 4:lag3  0.3464825 0.4011997 0.4083909 0.4389615 0.5121861 0.4705524 0.5794664</span>
<span class="r-out co"><span class="r-pr">#&gt;</span> 5:lag3  0.3588361 0.3518205 0.4115938 0.3842695 0.4424844 0.4300172 0.4866644</span>
<span class="r-out co"><span class="r-pr">#&gt;</span> 6:lag3  0.2467064 0.3090666 0.2804969 0.3765527 0.3650006 0.4023915 0.3800325</span>
<span class="r-out co"><span class="r-pr">#&gt;</span> 7:lag3  0.3336351 0.4095306 0.3882450 0.4620009 0.5089385 0.5021707 0.5362526</span>
<span class="r-out co"><span class="r-pr">#&gt;</span> 8:lag3  0.4823334 0.2991288 0.3471595 0.3266985 0.3663414 0.3508763 0.3944681</span>
<span class="r-out co"><span class="r-pr">#&gt;</span> 9:lag3  0.2991288 0.4253121 0.3450468 0.4445055 0.4569710 0.4014991 0.4567634</span>
<span class="r-out co"><span class="r-pr">#&gt;</span> 10:lag3 0.3471595 0.3450468 0.4276073 0.3741685 0.4295546 0.3979439 0.4649505</span>
<span class="r-out co"><span class="r-pr">#&gt;</span> 1:lag4  0.2585570 0.3517923 0.2961259 0.4462314 0.3826941 0.3553363 0.3855634</span>
<span class="r-out co"><span class="r-pr">#&gt;</span> 2:lag4  0.2899313 0.3616578 0.3399598 0.3826941 0.4589772 0.3837773 0.4498805</span>
<span class="r-out co"><span class="r-pr">#&gt;</span> 3:lag4  0.2776919 0.3177560 0.3149423 0.3553363 0.3837773 0.4851011 0.4133113</span>
<span class="r-out co"><span class="r-pr">#&gt;</span> 4:lag4  0.3121915 0.3614934 0.3679729 0.3855634 0.4498805 0.4133113 0.5089764</span>
<span class="r-out co"><span class="r-pr">#&gt;</span> 5:lag4  0.3233225 0.3170012 0.3708588 0.3375245 0.3886577 0.3777071 0.4274634</span>
<span class="r-out co"><span class="r-pr">#&gt;</span> 6:lag4  0.2222901 0.2784786 0.2527365 0.3307464 0.3205996 0.3534420 0.3338029</span>
<span class="r-out co"><span class="r-pr">#&gt;</span> 7:lag4  0.3006156 0.3689998 0.3498209 0.4058001 0.4470279 0.4410834 0.4710194</span>
<span class="r-out co"><span class="r-pr">#&gt;</span> 8:lag4  0.4345974 0.2695244 0.3128015 0.2869568 0.3217772 0.3081934 0.3464825</span>
<span class="r-out co"><span class="r-pr">#&gt;</span> 9:lag4  0.2695244 0.3832195 0.3108979 0.3904330 0.4013821 0.3526582 0.4011997</span>
<span class="r-out co"><span class="r-pr">#&gt;</span> 10:lag4 0.3128015 0.3108979 0.3852875 0.3286522 0.3773008 0.3495354 0.4083909</span>
<span class="r-out co"><span class="r-pr">#&gt;</span> 1:lag5  0.2368296 0.3222300 0.2712415 0.4020684 0.3448193 0.3201690 0.3474046</span>
<span class="r-out co"><span class="r-pr">#&gt;</span> 2:lag5  0.2655675 0.3312665 0.3113919 0.3448193 0.4135528 0.3457953 0.4053563</span>
<span class="r-out co"><span class="r-pr">#&gt;</span> 3:lag5  0.2543565 0.2910539 0.2884767 0.3201690 0.3457953 0.4370912 0.3724064</span>
<span class="r-out co"><span class="r-pr">#&gt;</span> 4:lag5  0.2859570 0.3311160 0.3370509 0.3474046 0.4053563 0.3724064 0.4586036</span>
<span class="r-out co"><span class="r-pr">#&gt;</span> 5:lag5  0.2961527 0.2903626 0.3396944 0.3041201 0.3501927 0.3403259 0.3851579</span>
<span class="r-out co"><span class="r-pr">#&gt;</span> 6:lag5  0.2036104 0.2550771 0.2314982 0.2980128 0.2888702 0.3184622 0.3007668</span>
<span class="r-out co"><span class="r-pr">#&gt;</span> 7:lag5  0.2753539 0.3379916 0.3204243 0.3656385 0.4027861 0.3974299 0.4244031</span>
<span class="r-out co"><span class="r-pr">#&gt;</span> 8:lag5  0.3980768 0.2468754 0.2865158 0.2585570 0.2899313 0.2776919 0.3121915</span>
<span class="r-out co"><span class="r-pr">#&gt;</span> 9:lag5  0.2468754 0.3510163 0.2847721 0.3517923 0.3616578 0.3177560 0.3614934</span>
<span class="r-out co"><span class="r-pr">#&gt;</span> 10:lag5 0.2865158 0.2847721 0.3529106 0.2961259 0.3399598 0.3149423 0.3679729</span>
<span class="r-out co"><span class="r-pr">#&gt;</span>            5:lag1    6:lag1    7:lag1    8:lag1    9:lag1   10:lag1    1:lag2</span>
<span class="r-out co"><span class="r-pr">#&gt;</span> 1:t+0   0.4586561 0.4494454 0.5514346 0.3899406 0.5305525 0.4465997 0.5080317</span>
<span class="r-out co"><span class="r-pr">#&gt;</span> 2:t+0   0.5281402 0.4356571 0.6074584 0.4372574 0.5454311 0.5127074 0.4356948</span>
<span class="r-out co"><span class="r-pr">#&gt;</span> 3:t+0   0.5132595 0.4802861 0.5993805 0.4187986 0.4792209 0.4749775 0.4045481</span>
<span class="r-out co"><span class="r-pr">#&gt;</span> 4:t+0   0.5808725 0.4535988 0.6400599 0.4708289 0.5451832 0.5549552 0.4389615</span>
<span class="r-out co"><span class="r-pr">#&gt;</span> 5:t+0   0.6359123 0.4036781 0.5565736 0.4876161 0.4780827 0.5593075 0.3842695</span>
<span class="r-out co"><span class="r-pr">#&gt;</span> 6:t+0   0.4036781 0.5672030 0.4930079 0.3352449 0.4199851 0.3811623 0.3765527</span>
<span class="r-out co"><span class="r-pr">#&gt;</span> 7:t+0   0.5565736 0.4930079 0.7204840 0.4533708 0.5565039 0.5275793 0.4620009</span>
<span class="r-out co"><span class="r-pr">#&gt;</span> 8:t+0   0.4876161 0.3352449 0.4533708 0.6554344 0.4064809 0.4717490 0.3266985</span>
<span class="r-out co"><span class="r-pr">#&gt;</span> 9:t+0   0.4780827 0.4199851 0.5565039 0.4064809 0.5779492 0.4688780 0.4445055</span>
<span class="r-out co"><span class="r-pr">#&gt;</span> 10:t+0  0.5593075 0.3811623 0.5275793 0.4717490 0.4688780 0.5810680 0.3741685</span>
<span class="r-out co"><span class="r-pr">#&gt;</span> 1:lag1  0.6644651 0.6511214 0.7988755 0.5649155 0.7686231 0.6469988 0.6063760</span>
<span class="r-out co"><span class="r-pr">#&gt;</span> 2:lag1  0.7651283 0.6311461 0.8800383 0.6334645 0.7901780 0.7427705 0.5200362</span>
<span class="r-out co"><span class="r-pr">#&gt;</span> 3:lag1  0.7435704 0.6958010 0.8683357 0.6067227 0.6942579 0.6881104 0.4828602</span>
<span class="r-out co"><span class="r-pr">#&gt;</span> 4:lag1  0.8415228 0.6571386 0.9272689 0.6821002 0.7898189 0.8039758 0.5239353</span>
<span class="r-out co"><span class="r-pr">#&gt;</span> 5:lag1  0.9212602 0.5848174 0.8063204 0.7064202 0.6926089 0.8102811 0.4586561</span>
<span class="r-out co"><span class="r-pr">#&gt;</span> 6:lag1  0.5848174 0.8217195 0.7142313 0.4856767 0.6084416 0.5521983 0.4494454</span>
<span class="r-out co"><span class="r-pr">#&gt;</span> 7:lag1  0.8063204 0.7142313 1.0437810 0.6568083 0.8062194 0.7643157 0.5514346</span>
<span class="r-out co"><span class="r-pr">#&gt;</span> 8:lag1  0.7064202 0.4856767 0.6568083 0.9495422 0.5888778 0.6834331 0.3899406</span>
<span class="r-out co"><span class="r-pr">#&gt;</span> 9:lag1  0.6926089 0.6084416 0.8062194 0.5888778 0.8372877 0.6792739 0.5305525</span>
<span class="r-out co"><span class="r-pr">#&gt;</span> 10:lag1 0.8102811 0.5521983 0.7643157 0.6834331 0.6792739 0.8418061 0.4465997</span>
<span class="r-out co"><span class="r-pr">#&gt;</span> 1:lag2  0.4586561 0.4494454 0.5514346 0.3899406 0.5305525 0.4465997 0.8784702</span>
<span class="r-out co"><span class="r-pr">#&gt;</span> 2:lag2  0.5281402 0.4356571 0.6074584 0.4372574 0.5454311 0.5127074 0.7533879</span>
<span class="r-out co"><span class="r-pr">#&gt;</span> 3:lag2  0.5132595 0.4802861 0.5993805 0.4187986 0.4792209 0.4749775 0.6995302</span>
<span class="r-out co"><span class="r-pr">#&gt;</span> 4:lag2  0.5808725 0.4535988 0.6400599 0.4708289 0.5451832 0.5549552 0.7590366</span>
<span class="r-out co"><span class="r-pr">#&gt;</span> 5:lag2  0.6359123 0.4036781 0.5565736 0.4876161 0.4780827 0.5593075 0.6644651</span>
<span class="r-out co"><span class="r-pr">#&gt;</span> 6:lag2  0.4036781 0.5672030 0.4930079 0.3352449 0.4199851 0.3811623 0.6511214</span>
<span class="r-out co"><span class="r-pr">#&gt;</span> 7:lag2  0.5565736 0.4930079 0.7204840 0.4533708 0.5565039 0.5275793 0.7988755</span>
<span class="r-out co"><span class="r-pr">#&gt;</span> 8:lag2  0.4876161 0.3352449 0.4533708 0.6554344 0.4064809 0.4717490 0.5649155</span>
<span class="r-out co"><span class="r-pr">#&gt;</span> 9:lag2  0.4780827 0.4199851 0.5565039 0.4064809 0.5779492 0.4688780 0.7686231</span>
<span class="r-out co"><span class="r-pr">#&gt;</span> 10:lag2 0.5593075 0.3811623 0.5275793 0.4717490 0.4688780 0.5810680 0.6469988</span>
<span class="r-out co"><span class="r-pr">#&gt;</span> 1:lag3  0.3842695 0.3765527 0.4620009 0.3266985 0.4445055 0.3741685 0.6063760</span>
<span class="r-out co"><span class="r-pr">#&gt;</span> 2:lag3  0.4424844 0.3650006 0.5089385 0.3663414 0.4569710 0.4295546 0.5200362</span>
<span class="r-out co"><span class="r-pr">#&gt;</span> 3:lag3  0.4300172 0.4023915 0.5021707 0.3508763 0.4014991 0.3979439 0.4828602</span>
<span class="r-out co"><span class="r-pr">#&gt;</span> 4:lag3  0.4866644 0.3800325 0.5362526 0.3944681 0.4567634 0.4649505 0.5239353</span>
<span class="r-out co"><span class="r-pr">#&gt;</span> 5:lag3  0.5327777 0.3382081 0.4663064 0.4085327 0.4005454 0.4685970 0.4586561</span>
<span class="r-out co"><span class="r-pr">#&gt;</span> 6:lag3  0.3382081 0.4752119 0.4130500 0.2808737 0.3518703 0.3193440 0.4494454</span>
<span class="r-out co"><span class="r-pr">#&gt;</span> 7:lag3  0.4663064 0.4130500 0.6036332 0.3798415 0.4662480 0.4420145 0.5514346</span>
<span class="r-out co"><span class="r-pr">#&gt;</span> 8:lag3  0.4085327 0.2808737 0.3798415 0.5491336 0.3405563 0.3952389 0.3899406</span>
<span class="r-out co"><span class="r-pr">#&gt;</span> 9:lag3  0.4005454 0.3518703 0.4662480 0.3405563 0.4842152 0.3928336 0.5305525</span>
<span class="r-out co"><span class="r-pr">#&gt;</span> 10:lag3 0.4685970 0.3193440 0.4420145 0.3952389 0.3928336 0.4868283 0.4465997</span>
<span class="r-out co"><span class="r-pr">#&gt;</span> 1:lag4  0.3375245 0.3307464 0.4058001 0.2869568 0.3904330 0.3286522 0.5080317</span>
<span class="r-out co"><span class="r-pr">#&gt;</span> 2:lag4  0.3886577 0.3205996 0.4470279 0.3217772 0.4013821 0.3773008 0.4356948</span>
<span class="r-out co"><span class="r-pr">#&gt;</span> 3:lag4  0.3777071 0.3534420 0.4410834 0.3081934 0.3526582 0.3495354 0.4045481</span>
<span class="r-out co"><span class="r-pr">#&gt;</span> 4:lag4  0.4274634 0.3338029 0.4710194 0.3464825 0.4011997 0.4083909 0.4389615</span>
<span class="r-out co"><span class="r-pr">#&gt;</span> 5:lag4  0.4679672 0.2970663 0.4095819 0.3588361 0.3518205 0.4115938 0.3842695</span>
<span class="r-out co"><span class="r-pr">#&gt;</span> 6:lag4  0.2970663 0.4174041 0.3628039 0.2467064 0.3090666 0.2804969 0.3765527</span>
<span class="r-out co"><span class="r-pr">#&gt;</span> 7:lag4  0.4095819 0.3628039 0.5302033 0.3336351 0.4095306 0.3882450 0.4620009</span>
<span class="r-out co"><span class="r-pr">#&gt;</span> 8:lag4  0.3588361 0.2467064 0.3336351 0.4823334 0.2991288 0.3471595 0.3266985</span>
<span class="r-out co"><span class="r-pr">#&gt;</span> 9:lag4  0.3518205 0.3090666 0.4095306 0.2991288 0.4253121 0.3450468 0.4445055</span>
<span class="r-out co"><span class="r-pr">#&gt;</span> 10:lag4 0.4115938 0.2804969 0.3882450 0.3471595 0.3450468 0.4276073 0.3741685</span>
<span class="r-out co"><span class="r-pr">#&gt;</span> 1:lag5  0.3041201 0.2980128 0.3656385 0.2585570 0.3517923 0.2961259 0.4462314</span>
<span class="r-out co"><span class="r-pr">#&gt;</span> 2:lag5  0.3501927 0.2888702 0.4027861 0.2899313 0.3616578 0.3399598 0.3826941</span>
<span class="r-out co"><span class="r-pr">#&gt;</span> 3:lag5  0.3403259 0.3184622 0.3974299 0.2776919 0.3177560 0.3149423 0.3553363</span>
<span class="r-out co"><span class="r-pr">#&gt;</span> 4:lag5  0.3851579 0.3007668 0.4244031 0.3121915 0.3614934 0.3679729 0.3855634</span>
<span class="r-out co"><span class="r-pr">#&gt;</span> 5:lag5  0.4216530 0.2676660 0.3690460 0.3233225 0.3170012 0.3708588 0.3375245</span>
<span class="r-out co"><span class="r-pr">#&gt;</span> 6:lag5  0.2676660 0.3760941 0.3268976 0.2222901 0.2784786 0.2527365 0.3307464</span>
<span class="r-out co"><span class="r-pr">#&gt;</span> 7:lag5  0.3690460 0.3268976 0.4777297 0.3006156 0.3689998 0.3498209 0.4058001</span>
<span class="r-out co"><span class="r-pr">#&gt;</span> 8:lag5  0.3233225 0.2222901 0.3006156 0.4345974 0.2695244 0.3128015 0.2869568</span>
<span class="r-out co"><span class="r-pr">#&gt;</span> 9:lag5  0.3170012 0.2784786 0.3689998 0.2695244 0.3832195 0.3108979 0.3904330</span>
<span class="r-out co"><span class="r-pr">#&gt;</span> 10:lag5 0.3708588 0.2527365 0.3498209 0.3128015 0.3108979 0.3852875 0.3286522</span>
<span class="r-out co"><span class="r-pr">#&gt;</span>            2:lag2    3:lag2    4:lag2    5:lag2    6:lag2    7:lag2    8:lag2</span>
<span class="r-out co"><span class="r-pr">#&gt;</span> 1:t+0   0.4356948 0.4045481 0.4389615 0.3842695 0.3765527 0.4620009 0.3266985</span>
<span class="r-out co"><span class="r-pr">#&gt;</span> 2:t+0   0.5225427 0.4369280 0.5121861 0.4424844 0.3650006 0.5089385 0.3663414</span>
<span class="r-out co"><span class="r-pr">#&gt;</span> 3:t+0   0.4369280 0.5522845 0.4705524 0.4300172 0.4023915 0.5021707 0.3508763</span>
<span class="r-out co"><span class="r-pr">#&gt;</span> 4:t+0   0.5121861 0.4705524 0.5794664 0.4866644 0.3800325 0.5362526 0.3944681</span>
<span class="r-out co"><span class="r-pr">#&gt;</span> 5:t+0   0.4424844 0.4300172 0.4866644 0.5327777 0.3382081 0.4663064 0.4085327</span>
<span class="r-out co"><span class="r-pr">#&gt;</span> 6:t+0   0.3650006 0.4023915 0.3800325 0.3382081 0.4752119 0.4130500 0.2808737</span>
<span class="r-out co"><span class="r-pr">#&gt;</span> 7:t+0   0.5089385 0.5021707 0.5362526 0.4663064 0.4130500 0.6036332 0.3798415</span>
<span class="r-out co"><span class="r-pr">#&gt;</span> 8:t+0   0.3663414 0.3508763 0.3944681 0.4085327 0.2808737 0.3798415 0.5491336</span>
<span class="r-out co"><span class="r-pr">#&gt;</span> 9:t+0   0.4569710 0.4014991 0.4567634 0.4005454 0.3518703 0.4662480 0.3405563</span>
<span class="r-out co"><span class="r-pr">#&gt;</span> 10:t+0  0.4295546 0.3979439 0.4649505 0.4685970 0.3193440 0.4420145 0.3952389</span>
<span class="r-out co"><span class="r-pr">#&gt;</span> 1:lag1  0.5200362 0.4828602 0.5239353 0.4586561 0.4494454 0.5514346 0.3899406</span>
<span class="r-out co"><span class="r-pr">#&gt;</span> 2:lag1  0.6236960 0.5215082 0.6113347 0.5281402 0.4356571 0.6074584 0.4372574</span>
<span class="r-out co"><span class="r-pr">#&gt;</span> 3:lag1  0.5215082 0.6591953 0.5616415 0.5132595 0.4802861 0.5993805 0.4187986</span>
<span class="r-out co"><span class="r-pr">#&gt;</span> 4:lag1  0.6113347 0.5616415 0.6916390 0.5808725 0.4535988 0.6400599 0.4708289</span>
<span class="r-out co"><span class="r-pr">#&gt;</span> 5:lag1  0.5281402 0.5132595 0.5808725 0.6359123 0.4036781 0.5565736 0.4876161</span>
<span class="r-out co"><span class="r-pr">#&gt;</span> 6:lag1  0.4356571 0.4802861 0.4535988 0.4036781 0.5672030 0.4930079 0.3352449</span>
<span class="r-out co"><span class="r-pr">#&gt;</span> 7:lag1  0.6074584 0.5993805 0.6400599 0.5565736 0.4930079 0.7204840 0.4533708</span>
<span class="r-out co"><span class="r-pr">#&gt;</span> 8:lag1  0.4372574 0.4187986 0.4708289 0.4876161 0.3352449 0.4533708 0.6554344</span>
<span class="r-out co"><span class="r-pr">#&gt;</span> 9:lag1  0.5454311 0.4792209 0.5451832 0.4780827 0.4199851 0.5565039 0.4064809</span>
