<!DOCTYPE html>
<!-- Generated by pkgdown: do not edit by hand --><html lang="en"><head><meta http-equiv="Content-Type" content="text/html; charset=UTF-8"><meta charset="utf-8"><meta http-equiv="X-UA-Compatible" content="IE=edge"><meta name="viewport" content="width=device-width, initial-scale=1, shrink-to-fit=no"><meta name="description" content="Covariance/correlation for joint distribution of an mcgf object"><title>Covariance/correlation for joint distribution of an mcgf object — ccov.mcgf • mcgf</title><script src="../deps/jquery-3.6.0/jquery-3.6.0.min.js"></script><meta name="viewport" content="width=device-width, initial-scale=1, shrink-to-fit=no"><link href="../deps/bootstrap-5.3.1/bootstrap.min.css" rel="stylesheet"><script src="../deps/bootstrap-5.3.1/bootstrap.bundle.min.js"></script><!-- Font Awesome icons --><link rel="stylesheet" href="https://cdnjs.cloudflare.com/ajax/libs/font-awesome/5.12.1/css/all.min.css" integrity="sha256-mmgLkCYLUQbXn0B1SRqzHar6dCnv9oZFPEC1g1cwlkk=" crossorigin="anonymous"><link rel="stylesheet" href="https://cdnjs.cloudflare.com/ajax/libs/font-awesome/5.12.1/css/v4-shims.min.css" integrity="sha256-wZjR52fzng1pJHwx4aV2AO3yyTOXrcDW7jBpJtTwVxw=" crossorigin="anonymous"><!-- bootstrap-toc --><script src="https://cdn.jsdelivr.net/gh/afeld/bootstrap-toc@v1.0.1/dist/bootstrap-toc.min.js" integrity="sha256-4veVQbu7//Lk5TSmc7YV48MxtMy98e26cf5MrgZYnwo=" crossorigin="anonymous"></script><!-- headroom.js --><script src="https://cdnjs.cloudflare.com/ajax/libs/headroom/0.11.0/headroom.min.js" integrity="sha256-AsUX4SJE1+yuDu5+mAVzJbuYNPHj/WroHuZ8Ir/CkE0=" crossorigin="anonymous"></script><script src="https://cdnjs.cloudflare.com/ajax/libs/headroom/0.11.0/jQuery.headroom.min.js" integrity="sha256-ZX/yNShbjqsohH1k95liqY9Gd8uOiE1S4vZc+9KQ1K4=" crossorigin="anonymous"></script><!-- clipboard.js --><script src="https://cdnjs.cloudflare.com/ajax/libs/clipboard.js/2.0.6/clipboard.min.js" integrity="sha256-inc5kl9MA1hkeYUt+EC3BhlIgyp/2jDIyBLS6k3UxPI=" crossorigin="anonymous"></script><!-- search --><script src="https://cdnjs.cloudflare.com/ajax/libs/fuse.js/6.4.6/fuse.js" integrity="sha512-zv6Ywkjyktsohkbp9bb45V6tEMoWhzFzXis+LrMehmJZZSys19Yxf1dopHx7WzIKxr5tK2dVcYmaCk2uqdjF4A==" crossorigin="anonymous"></script><script src="https://cdnjs.cloudflare.com/ajax/libs/autocomplete.js/0.38.0/autocomplete.jquery.min.js" integrity="sha512-GU9ayf+66Xx2TmpxqJpliWbT5PiGYxpaG8rfnBEk1LL8l1KGkRShhngwdXK1UgqhAzWpZHSiYPc09/NwDQIGyg==" crossorigin="anonymous"></script><script src="https://cdnjs.cloudflare.com/ajax/libs/mark.js/8.11.1/mark.min.js" integrity="sha512-5CYOlHXGh6QpOFA/TeTylKLWfB3ftPsde7AnmhuitiTX4K5SqCLBeKro6sPS8ilsz1Q4NRx3v8Ko2IBiszzdww==" crossorigin="anonymous"></script><!-- pkgdown --><script src="../pkgdown.js"></script><meta property="og:title" content="Covariance/correlation for joint distribution of an mcgf object — ccov.mcgf"><meta property="og:description" content="Covariance/correlation for joint distribution of an mcgf object"><!-- mathjax --><script src="https://cdnjs.cloudflare.com/ajax/libs/mathjax/2.7.5/MathJax.js" integrity="sha256-nvJJv9wWKEm88qvoQl9ekL2J+k/RWIsaSScxxlsrv8k=" crossorigin="anonymous"></script><script src="https://cdnjs.cloudflare.com/ajax/libs/mathjax/2.7.5/config/TeX-AMS-MML_HTMLorMML.js" integrity="sha256-84DKXVJXs0/F8OTMzX4UR909+jtl4G7SPypPavF+GfA=" crossorigin="anonymous"></script><!--[if lt IE 9]>
<script src="https://oss.maxcdn.com/html5shiv/3.7.3/html5shiv.min.js"></script>
<script src="https://oss.maxcdn.com/respond/1.4.2/respond.min.js"></script>
<![endif]--></head><body>
    <a href="#main" class="visually-hidden-focusable">Skip to contents</a>
    

    <nav class="navbar fixed-top navbar-light navbar-expand-lg bg-light"><div class="container">
    
    <a class="navbar-brand me-2" href="../index.html">mcgf</a>

    <small class="nav-text text-muted me-auto" data-bs-toggle="tooltip" data-bs-placement="bottom" title="">1.0.1.9000</small>

    
    <button class="navbar-toggler" type="button" data-bs-toggle="collapse" data-bs-target="#navbar" aria-controls="navbar" aria-expanded="false" aria-label="Toggle navigation">
      <span class="navbar-toggler-icon"></span>
    </button>

    <div id="navbar" class="collapse navbar-collapse ms-3">
      <ul class="navbar-nav me-auto"><li class="nav-item">
  <a class="nav-link" href="../articles/mcgf.html">Get started</a>
</li>
<li class="active nav-item">
  <a class="nav-link" href="../reference/index.html">Reference</a>
</li>
<li class="nav-item dropdown">
  <a href="#" class="nav-link dropdown-toggle" data-bs-toggle="dropdown" role="button" aria-expanded="false" aria-haspopup="true" id="dropdown-articles">Articles</a>
  <div class="dropdown-menu" aria-labelledby="dropdown-articles">
    <a class="dropdown-item" href="../articles/mcgf_rs.html">Steps for fitting an `mcgf_rs` object</a>
  </div>
</li>
<li class="nav-item">
  <a class="nav-link" href="../news/index.html">Changelog</a>
</li>
      </ul><form class="form-inline my-2 my-lg-0" role="search">
        <input type="search" class="form-control me-sm-2" aria-label="Toggle navigation" name="search-input" data-search-index="../search.json" id="search-input" placeholder="Search for" autocomplete="off"></form>

      <ul class="navbar-nav"><li class="nav-item">
  <a class="external-link nav-link" href="https://github.com/tianxia-jia/mcgf/" aria-label="github">
    <span class="fab fa fab fa-github fa-lg"></span>
     
  </a>
</li>
      </ul></div>

    
  </div>
</nav><div class="container template-reference-topic">
<div class="row">
  <main id="main" class="col-md-9"><div class="page-header">
      <img src="" class="logo" alt=""><h1>Covariance/correlation for joint distribution of an <code>mcgf</code> object</h1>
      <small class="dont-index">Source: <a href="https://github.com/tianxia-jia/mcgf/blob/HEAD/R/ccov.R" class="external-link"><code>R/ccov.R</code></a></small>
      <div class="d-none name"><code>ccov.mcgf.Rd</code></div>
    </div>

    <div class="ref-description section level2">
    <p>Covariance/correlation for joint distribution of an <code>mcgf</code> object</p>
    </div>

    <div class="section level2">
    <h2 id="ref-usage">Usage<a class="anchor" aria-label="anchor" href="#ref-usage"></a></h2>
    <div class="sourceCode"><pre class="sourceCode r"><code><span><span class="co"># S3 method for mcgf</span></span>
<span><span class="fu"><a href="ccov.html">ccov</a></span><span class="op">(</span><span class="va">x</span>, model <span class="op">=</span> <span class="fu"><a href="https://rdrr.io/r/base/c.html" class="external-link">c</a></span><span class="op">(</span><span class="st">"all"</span>, <span class="st">"base"</span>, <span class="st">"empirical"</span><span class="op">)</span>, cor <span class="op">=</span> <span class="cn">FALSE</span>, <span class="va">...</span><span class="op">)</span></span></code></pre></div>
    </div>

    <div class="section level2">
    <h2 id="arguments">Arguments<a class="anchor" aria-label="anchor" href="#arguments"></a></h2>
    <dl><dt>x</dt>
<dd><p>An <code>mcgf</code> object.</p></dd>


<dt>model</dt>
<dd><p>Which model to use. One of <code>all</code>, <code>base</code>, and <code>empirical</code>.</p></dd>


<dt>cor</dt>
<dd><p>Logical; if TRUE, correlation is outputted.</p></dd>


<dt>...</dt>
<dd><p>Additional arguments. Not in use.</p></dd>

</dl></div>
    <div class="section level2">
    <h2 id="value">Value<a class="anchor" aria-label="anchor" href="#value"></a></h2>
    

<p>Joint covariance/correlation matrix.</p>
    </div>

    <div class="section level2">
    <h2 id="ref-examples">Examples<a class="anchor" aria-label="anchor" href="#ref-examples"></a></h2>
    <div class="sourceCode"><pre class="sourceCode r"><code><span class="r-in"><span><span class="fu"><a href="https://rdrr.io/r/utils/data.html" class="external-link">data</a></span><span class="op">(</span><span class="va">sim1</span><span class="op">)</span></span></span>
<span class="r-in"><span><span class="va">sim1_mcgf</span> <span class="op">&lt;-</span> <span class="fu"><a href="mcgf.html">mcgf</a></span><span class="op">(</span><span class="va">sim1</span><span class="op">$</span><span class="va">data</span>, dists <span class="op">=</span> <span class="va">sim1</span><span class="op">$</span><span class="va">dists</span><span class="op">)</span></span></span>
<span class="r-msg co"><span class="r-pr">#&gt;</span> `time` is not provided, assuming rows are equally spaced temporally.</span>
<span class="r-in"><span><span class="va">sim1_mcgf</span> <span class="op">&lt;-</span> <span class="fu"><a href="acfs.mcgf.html">add_acfs</a></span><span class="op">(</span><span class="va">sim1_mcgf</span>, lag_max <span class="op">=</span> <span class="fl">5</span><span class="op">)</span></span></span>
<span class="r-in"><span><span class="va">sim1_mcgf</span> <span class="op">&lt;-</span> <span class="fu"><a href="ccfs.mcgf.html">add_ccfs</a></span><span class="op">(</span><span class="va">sim1_mcgf</span>, lag_max <span class="op">=</span> <span class="fl">5</span><span class="op">)</span></span></span>
<span class="r-in"><span></span></span>
<span class="r-in"><span><span class="co"># Fit a separable model and store it to 'sim1_mcgf'</span></span></span>
<span class="r-in"><span><span class="va">fit_sep</span> <span class="op">&lt;-</span> <span class="fu"><a href="fit_base.html">fit_base</a></span><span class="op">(</span></span></span>
<span class="r-in"><span>    <span class="va">sim1_mcgf</span>,</span></span>
<span class="r-in"><span>    model <span class="op">=</span> <span class="st">"sep"</span>,</span></span>
<span class="r-in"><span>    lag <span class="op">=</span> <span class="fl">5</span>,</span></span>
<span class="r-in"><span>    par_init <span class="op">=</span> <span class="fu"><a href="https://rdrr.io/r/base/c.html" class="external-link">c</a></span><span class="op">(</span></span></span>
<span class="r-in"><span>        c <span class="op">=</span> <span class="fl">0.001</span>,</span></span>
<span class="r-in"><span>        gamma <span class="op">=</span> <span class="fl">0.5</span>,</span></span>
<span class="r-in"><span>        a <span class="op">=</span> <span class="fl">0.3</span>,</span></span>
<span class="r-in"><span>        alpha <span class="op">=</span> <span class="fl">0.5</span></span></span>
<span class="r-in"><span>    <span class="op">)</span>,</span></span>
<span class="r-in"><span>    par_fixed <span class="op">=</span> <span class="fu"><a href="https://rdrr.io/r/base/c.html" class="external-link">c</a></span><span class="op">(</span>nugget <span class="op">=</span> <span class="fl">0</span><span class="op">)</span></span></span>
<span class="r-in"><span><span class="op">)</span></span></span>
<span class="r-in"><span><span class="va">sim1_mcgf</span> <span class="op">&lt;-</span> <span class="fu"><a href="add_base.html">add_base</a></span><span class="op">(</span><span class="va">sim1_mcgf</span>, fit_base <span class="op">=</span> <span class="va">fit_sep</span><span class="op">)</span></span></span>
<span class="r-in"><span></span></span>
<span class="r-in"><span><span class="fu"><a href="ccov.html">ccov</a></span><span class="op">(</span><span class="va">sim1_mcgf</span>, model <span class="op">=</span> <span class="st">"base"</span><span class="op">)</span></span></span>
<span class="r-out co"><span class="r-pr">#&gt;</span>              1:t+0      2:t+0      3:t+0      4:t+0      5:t+0      6:t+0</span>
<span class="r-out co"><span class="r-pr">#&gt;</span> 1:t+0   0.97269380 0.85890916 0.78778712 0.82315831 0.75041561 0.80835281</span>
<span class="r-out co"><span class="r-pr">#&gt;</span> 2:t+0   0.85890916 0.95033925 0.82344690 0.90844760 0.83029569 0.76617397</span>
<span class="r-out co"><span class="r-pr">#&gt;</span> 3:t+0   0.78778712 0.82344690 0.95462554 0.83500450 0.79293293 0.81877354</span>
<span class="r-out co"><span class="r-pr">#&gt;</span> 4:t+0   0.82315831 0.90844760 0.83500450 0.94060499 0.85550863 0.75409404</span>
<span class="r-out co"><span class="r-pr">#&gt;</span> 5:t+0   0.75041561 0.83029569 0.79293293 0.85550863 0.92155023 0.69410189</span>
<span class="r-out co"><span class="r-pr">#&gt;</span> 6:t+0   0.80835281 0.76617397 0.81877354 0.75409404 0.69410189 0.99883141</span>
<span class="r-out co"><span class="r-pr">#&gt;</span> 7:t+0   0.84048909 0.88667461 0.86132611 0.88249374 0.80814380 0.79522277</span>
<span class="r-out co"><span class="r-pr">#&gt;</span> 8:t+0   0.62124582 0.67986724 0.63455595 0.69129689 0.73611760 0.55529521</span>
<span class="r-out co"><span class="r-pr">#&gt;</span> 9:t+0   0.91277334 0.91129976 0.80240066 0.87115469 0.79946063 0.77888455</span>
<span class="r-out co"><span class="r-pr">#&gt;</span> 10:t+0  0.77584953 0.85459351 0.78273290 0.86905736 0.89271719 0.69677919</span>
<span class="r-out co"><span class="r-pr">#&gt;</span> 1:lag1  0.59765440 0.52774146 0.48404178 0.50577498 0.46107953 0.49667801</span>
<span class="r-out co"><span class="r-pr">#&gt;</span> 2:lag1  0.52774146 0.58391905 0.50595230 0.55817947 0.51016042 0.47076197</span>
<span class="r-out co"><span class="r-pr">#&gt;</span> 3:lag1  0.48404178 0.50595230 0.58655268 0.51305367 0.48720354 0.50308084</span>
<span class="r-out co"><span class="r-pr">#&gt;</span> 4:lag1  0.50577498 0.55817947 0.51305367 0.57793801 0.52565207 0.46333967</span>
<span class="r-out co"><span class="r-pr">#&gt;</span> 5:lag1  0.46107953 0.51016042 0.48720354 0.52565207 0.56623015 0.42647856</span>
<span class="r-out co"><span class="r-pr">#&gt;</span> 6:lag1  0.49667801 0.47076197 0.50308084 0.46333967 0.42647856 0.61371419</span>
<span class="r-out co"><span class="r-pr">#&gt;</span> 7:lag1  0.51642358 0.54480144 0.52922651 0.54223258 0.49654959 0.48861049</span>
<span class="r-out co"><span class="r-pr">#&gt;</span> 8:lag1  0.38171345 0.41773233 0.38989162 0.42475508 0.45229437 0.34119127</span>
<span class="r-out co"><span class="r-pr">#&gt;</span> 9:lag1  0.56083734 0.55993193 0.49302082 0.53526551 0.49121437 0.47857176</span>
<span class="r-out co"><span class="r-pr">#&gt;</span> 10:lag1 0.47670694 0.52508979 0.48093631 0.53397684 0.54851420 0.42812358</span>
<span class="r-out co"><span class="r-pr">#&gt;</span> 1:lag2  0.35540229 0.31382773 0.28784120 0.30076510 0.27418642 0.29535548</span>
<span class="r-out co"><span class="r-pr">#&gt;</span> 2:lag2  0.31382773 0.34723440 0.30087055 0.33192806 0.30337296 0.27994420</span>
<span class="r-out co"><span class="r-pr">#&gt;</span> 3:lag2  0.28784120 0.30087055 0.34880052 0.30509346 0.28972138 0.29916300</span>
<span class="r-out co"><span class="r-pr">#&gt;</span> 4:lag2  0.30076510 0.33192806 0.30509346 0.34367771 0.31258525 0.27553044</span>
<span class="r-out co"><span class="r-pr">#&gt;</span> 5:lag2  0.27418642 0.30337296 0.28972138 0.31258525 0.33671549 0.25361054</span>
<span class="r-out co"><span class="r-pr">#&gt;</span> 6:lag2  0.29535548 0.27994420 0.29916300 0.27553044 0.25361054 0.36495244</span>
<span class="r-out co"><span class="r-pr">#&gt;</span> 7:lag2  0.30709742 0.32397265 0.31471083 0.32244505 0.29527911 0.29055803</span>
<span class="r-out co"><span class="r-pr">#&gt;</span> 8:lag2  0.22699044 0.24840950 0.23185368 0.25258566 0.26896222 0.20289344</span>
<span class="r-out co"><span class="r-pr">#&gt;</span> 9:lag2  0.33350859 0.33297018 0.29318069 0.31830200 0.29210646 0.28458839</span>
<span class="r-out co"><span class="r-pr">#&gt;</span> 10:lag2 0.28347945 0.31225088 0.28599449 0.31753567 0.32618049 0.25458878</span>
<span class="r-out co"><span class="r-pr">#&gt;</span> 1:lag3  0.23434441 0.20693106 0.18979612 0.19831785 0.18079246 0.19475087</span>
<span class="r-out co"><span class="r-pr">#&gt;</span> 2:lag3  0.20693106 0.22895868 0.19838738 0.21886601 0.20003741 0.18458901</span>
<span class="r-out co"><span class="r-pr">#&gt;</span> 3:lag3  0.18979612 0.19838738 0.22999135 0.20117188 0.19103586 0.19726146</span>
<span class="r-out co"><span class="r-pr">#&gt;</span> 4:lag3  0.19831785 0.21886601 0.20117188 0.22661347 0.20611179 0.18167868</span>
<span class="r-out co"><span class="r-pr">#&gt;</span> 5:lag3  0.18079246 0.20003741 0.19103586 0.20611179 0.22202274 0.16722518</span>
<span class="r-out co"><span class="r-pr">#&gt;</span> 6:lag3  0.19475087 0.18458901 0.19726146 0.18167868 0.16722518 0.24064156</span>
<span class="r-out co"><span class="r-pr">#&gt;</span> 7:lag3  0.20249324 0.21362040 0.20751336 0.21261313 0.19470051 0.19158754</span>
<span class="r-out co"><span class="r-pr">#&gt;</span> 8:lag3  0.14967247 0.16379572 0.15287919 0.16654939 0.17734774 0.13378344</span>
<span class="r-out co"><span class="r-pr">#&gt;</span> 9:lag3  0.21990818 0.21955316 0.19331686 0.20988129 0.19260854 0.18765128</span>
<span class="r-out co"><span class="r-pr">#&gt;</span> 10:lag3 0.18692008 0.20589132 0.18857844 0.20937600 0.21507619 0.16787020</span>
<span class="r-out co"><span class="r-pr">#&gt;</span> 1:lag4  0.16749113 0.14789821 0.13565148 0.14174216 0.12921637 0.13919275</span>
<span class="r-out co"><span class="r-pr">#&gt;</span> 2:lag4  0.14789821 0.16364184 0.14179185 0.15642838 0.14297117 0.13192985</span>
<span class="r-out co"><span class="r-pr">#&gt;</span> 3:lag4  0.13565148 0.14179185 0.16437990 0.14378199 0.13653756 0.14098713</span>
<span class="r-out co"><span class="r-pr">#&gt;</span> 4:lag4  0.14174216 0.15642838 0.14378199 0.16196566 0.14731266 0.12984977</span>
<span class="r-out co"><span class="r-pr">#&gt;</span> 5:lag4  0.12921637 0.14297117 0.13653756 0.14731266 0.15868457 0.11951954</span>
<span class="r-out co"><span class="r-pr">#&gt;</span> 6:lag4  0.13919275 0.13192985 0.14098713 0.12984977 0.11951954 0.17199185</span>
<span class="r-out co"><span class="r-pr">#&gt;</span> 7:lag4  0.14472640 0.15267923 0.14831439 0.15195931 0.13915676 0.13693185</span>
<span class="r-out co"><span class="r-pr">#&gt;</span> 8:lag4  0.10697423 0.11706843 0.10926614 0.11903654 0.12675435 0.09561799</span>
<span class="r-out co"><span class="r-pr">#&gt;</span> 9:lag4  0.15717325 0.15691951 0.13816784 0.15000680 0.13766158 0.13411853</span>
<span class="r-out co"><span class="r-pr">#&gt;</span> 10:lag4 0.13359591 0.14715508 0.13478118 0.14964566 0.15371972 0.11998055</span>
<span class="r-out co"><span class="r-pr">#&gt;</span> 1:lag5  0.12678600 0.11195471 0.10268429 0.10729476 0.09781310 0.10536493</span>
<span class="r-out co"><span class="r-pr">#&gt;</span> 2:lag5  0.11195471 0.12387219 0.10733238 0.11841181 0.10822508 0.09986712</span>
<span class="r-out co"><span class="r-pr">#&gt;</span> 3:lag5  0.10268429 0.10733238 0.12443089 0.10883886 0.10335503 0.10672323</span>
<span class="r-out co"><span class="r-pr">#&gt;</span> 4:lag5  0.10729476 0.11841181 0.10883886 0.12260338 0.11151147 0.09829256</span>
<span class="r-out co"><span class="r-pr">#&gt;</span> 5:lag5  0.09781310 0.10822508 0.10335503 0.11151147 0.12011968 0.09047287</span>
<span class="r-out co"><span class="r-pr">#&gt;</span> 6:lag5  0.10536493 0.09986712 0.10672323 0.09829256 0.09047287 0.13019291</span>
<span class="r-out co"><span class="r-pr">#&gt;</span> 7:lag5  0.10955375 0.11557381 0.11226975 0.11502885 0.10533769 0.10365350</span>
<span class="r-out co"><span class="r-pr">#&gt;</span> 8:lag5  0.08097643 0.08861745 0.08271134 0.09010725 0.09594942 0.07238008</span>
<span class="r-out co"><span class="r-pr">#&gt;</span> 9:lag5  0.11897565 0.11878358 0.10458910 0.11355086 0.10420588 0.10152389</span>
<span class="r-out co"><span class="r-pr">#&gt;</span> 10:lag5 0.10112829 0.11139219 0.10202550 0.11327748 0.11636143 0.09082185</span>
<span class="r-out co"><span class="r-pr">#&gt;</span>              7:t+0      8:t+0      9:t+0     10:t+0    1:lag1    2:lag1</span>
<span class="r-out co"><span class="r-pr">#&gt;</span> 1:t+0   0.84048909 0.62124582 0.91277334 0.77584953 0.5976544 0.5277415</span>
<span class="r-out co"><span class="r-pr">#&gt;</span> 2:t+0   0.88667461 0.67986724 0.91129976 0.85459351 0.5277415 0.5839190</span>
<span class="r-out co"><span class="r-pr">#&gt;</span> 3:t+0   0.86132611 0.63455595 0.80240066 0.78273290 0.4840418 0.5059523</span>
<span class="r-out co"><span class="r-pr">#&gt;</span> 4:t+0   0.88249374 0.69129689 0.87115469 0.86905736 0.5057750 0.5581795</span>
<span class="r-out co"><span class="r-pr">#&gt;</span> 5:t+0   0.80814380 0.73611760 0.79946063 0.89271719 0.4610795 0.5101604</span>
<span class="r-out co"><span class="r-pr">#&gt;</span> 6:t+0   0.79522277 0.55529521 0.77888455 0.69677919 0.4966780 0.4707620</span>
<span class="r-out co"><span class="r-pr">#&gt;</span> 7:t+0   0.93063100 0.64911371 0.86660850 0.81541380 0.5164236 0.5448014</span>
<span class="r-out co"><span class="r-pr">#&gt;</span> 8:t+0   0.64911371 0.89790679 0.66662338 0.75638830 0.3817134 0.4177323</span>
<span class="r-out co"><span class="r-pr">#&gt;</span> 9:t+0   0.86660850 0.66662338 0.97945166 0.83096417 0.5608373 0.5599319</span>
<span class="r-out co"><span class="r-pr">#&gt;</span> 10:t+0  0.81541380 0.75638830 0.83096417 0.95178382 0.4767069 0.5250898</span>
<span class="r-out co"><span class="r-pr">#&gt;</span> 1:lag1  0.51642358 0.38171345 0.56083734 0.47670694 0.9726938 0.8589092</span>
<span class="r-out co"><span class="r-pr">#&gt;</span> 2:lag1  0.54480144 0.41773233 0.55993193 0.52508979 0.8589092 0.9503392</span>
<span class="r-out co"><span class="r-pr">#&gt;</span> 3:lag1  0.52922651 0.38989162 0.49302082 0.48093631 0.7877871 0.8234469</span>
<span class="r-out co"><span class="r-pr">#&gt;</span> 4:lag1  0.54223258 0.42475508 0.53526551 0.53397684 0.8231583 0.9084476</span>
<span class="r-out co"><span class="r-pr">#&gt;</span> 5:lag1  0.49654959 0.45229437 0.49121437 0.54851420 0.7504156 0.8302957</span>
<span class="r-out co"><span class="r-pr">#&gt;</span> 6:lag1  0.48861049 0.34119127 0.47857176 0.42812358 0.8083528 0.7661740</span>
<span class="r-out co"><span class="r-pr">#&gt;</span> 7:lag1  0.57180967 0.39883637 0.53247218 0.50101651 0.8404891 0.8866746</span>
<span class="r-out co"><span class="r-pr">#&gt;</span> 8:lag1  0.39883637 0.55170286 0.40959488 0.46474934 0.6212458 0.6798672</span>
<span class="r-out co"><span class="r-pr">#&gt;</span> 9:lag1  0.53247218 0.40959488 0.60180665 0.51057115 0.9127733 0.9112998</span>
<span class="r-out co"><span class="r-pr">#&gt;</span> 10:lag1 0.50101651 0.46474934 0.51057115 0.58480664 0.7758495 0.8545935</span>
<span class="r-out co"><span class="r-pr">#&gt;</span> 1:lag2  0.30709742 0.22699044 0.33350859 0.28347945 0.5976544 0.5277415</span>
<span class="r-out co"><span class="r-pr">#&gt;</span> 2:lag2  0.32397265 0.24840950 0.33297018 0.31225088 0.5277415 0.5839190</span>
<span class="r-out co"><span class="r-pr">#&gt;</span> 3:lag2  0.31471083 0.23185368 0.29318069 0.28599449 0.4840418 0.5059523</span>
<span class="r-out co"><span class="r-pr">#&gt;</span> 4:lag2  0.32244505 0.25258566 0.31830200 0.31753567 0.5057750 0.5581795</span>
<span class="r-out co"><span class="r-pr">#&gt;</span> 5:lag2  0.29527911 0.26896222 0.29210646 0.32618049 0.4610795 0.5101604</span>
<span class="r-out co"><span class="r-pr">#&gt;</span> 6:lag2  0.29055803 0.20289344 0.28458839 0.25458878 0.4966780 0.4707620</span>
<span class="r-out co"><span class="r-pr">#&gt;</span> 7:lag2  0.34003341 0.23717279 0.31664091 0.29793542 0.5164236 0.5448014</span>
<span class="r-out co"><span class="r-pr">#&gt;</span> 8:lag2  0.23717279 0.32807666 0.24357046 0.27636872 0.3817134 0.4177323</span>
<span class="r-out co"><span class="r-pr">#&gt;</span> 9:lag2  0.31664091 0.24357046 0.35787148 0.30361720 0.5608373 0.5599319</span>
<span class="r-out co"><span class="r-pr">#&gt;</span> 10:lag2 0.29793542 0.27636872 0.30361720 0.34776222 0.4767069 0.5250898</span>
<span class="r-out co"><span class="r-pr">#&gt;</span> 1:lag3  0.20249324 0.14967247 0.21990818 0.18692008 0.3554023 0.3138277</span>
<span class="r-out co"><span class="r-pr">#&gt;</span> 2:lag3  0.21362040 0.16379572 0.21955316 0.20589132 0.3138277 0.3472344</span>
<span class="r-out co"><span class="r-pr">#&gt;</span> 3:lag3  0.20751336 0.15287919 0.19331686 0.18857844 0.2878412 0.3008706</span>
<span class="r-out co"><span class="r-pr">#&gt;</span> 4:lag3  0.21261313 0.16654939 0.20988129 0.20937600 0.3007651 0.3319281</span>
<span class="r-out co"><span class="r-pr">#&gt;</span> 5:lag3  0.19470051 0.17734774 0.19260854 0.21507619 0.2741864 0.3033730</span>
<span class="r-out co"><span class="r-pr">#&gt;</span> 6:lag3  0.19158754 0.13378344 0.18765128 0.16787020 0.2953555 0.2799442</span>
<span class="r-out co"><span class="r-pr">#&gt;</span> 7:lag3  0.22421051 0.15638649 0.20878601 0.19645202 0.3070974 0.3239727</span>
<span class="r-out co"><span class="r-pr">#&gt;</span> 8:lag3  0.15638649 0.21632649 0.16060497 0.18223142 0.2269904 0.2484095</span>
<span class="r-out co"><span class="r-pr">#&gt;</span> 9:lag3  0.20878601 0.16060497 0.23597253 0.20019847 0.3335086 0.3329702</span>
<span class="r-out co"><span class="r-pr">#&gt;</span> 10:lag3 0.19645202 0.18223142 0.20019847 0.22930671 0.2834794 0.3122509</span>
<span class="r-out co"><span class="r-pr">#&gt;</span> 1:lag4  0.14472640 0.10697423 0.15717325 0.13359591 0.2343444 0.2069311</span>
<span class="r-out co"><span class="r-pr">#&gt;</span> 2:lag4  0.15267923 0.11706843 0.15691951 0.14715508 0.2069311 0.2289587</span>
<span class="r-out co"><span class="r-pr">#&gt;</span> 3:lag4  0.14831439 0.10926614 0.13816784 0.13478118 0.1897961 0.1983874</span>
<span class="r-out co"><span class="r-pr">#&gt;</span> 4:lag4  0.15195931 0.11903654 0.15000680 0.14964566 0.1983179 0.2188660</span>
<span class="r-out co"><span class="r-pr">#&gt;</span> 5:lag4  0.13915676 0.12675435 0.13766158 0.15371972 0.1807925 0.2000374</span>
<span class="r-out co"><span class="r-pr">#&gt;</span> 6:lag4  0.13693185 0.09561799 0.13411853 0.11998055 0.1947509 0.1845890</span>
<span class="r-out co"><span class="r-pr">#&gt;</span> 7:lag4  0.16024821 0.11177288 0.14922398 0.14040861 0.2024932 0.2136204</span>
<span class="r-out co"><span class="r-pr">#&gt;</span> 8:lag4  0.11177288 0.15461333 0.11478793 0.13024483 0.1496725 0.1637957</span>
<span class="r-out co"><span class="r-pr">#&gt;</span> 9:lag4  0.14922398 0.11478793 0.16865479 0.14308627 0.2199082 0.2195532</span>
<span class="r-out co"><span class="r-pr">#&gt;</span> 10:lag4 0.14040861 0.13024483 0.14308627 0.16389058 0.1869201 0.2058913</span>
<span class="r-out co"><span class="r-pr">#&gt;</span> 1:lag5  0.10955375 0.08097643 0.11897565 0.10112829 0.1674911 0.1478982</span>
<span class="r-out co"><span class="r-pr">#&gt;</span> 2:lag5  0.11557381 0.08861745 0.11878358 0.11139219 0.1478982 0.1636418</span>
<span class="r-out co"><span class="r-pr">#&gt;</span> 3:lag5  0.11226975 0.08271134 0.10458910 0.10202550 0.1356515 0.1417919</span>
<span class="r-out co"><span class="r-pr">#&gt;</span> 4:lag5  0.11502885 0.09010725 0.11355086 0.11327748 0.1417422 0.1564284</span>
<span class="r-out co"><span class="r-pr">#&gt;</span> 5:lag5  0.10533769 0.09594942 0.10420588 0.11636143 0.1292164 0.1429712</span>
<span class="r-out co"><span class="r-pr">#&gt;</span> 6:lag5  0.10365350 0.07238008 0.10152389 0.09082185 0.1391928 0.1319298</span>
<span class="r-out co"><span class="r-pr">#&gt;</span> 7:lag5  0.12130331 0.08460888 0.11295829 0.10628530 0.1447264 0.1526792</span>
<span class="r-out co"><span class="r-pr">#&gt;</span> 8:lag5  0.08460888 0.11703787 0.08689118 0.09859161 0.1069742 0.1170684</span>
<span class="r-out co"><span class="r-pr">#&gt;</span> 9:lag5  0.11295829 0.08689118 0.12766685 0.10831222 0.1571732 0.1569195</span>
<span class="r-out co"><span class="r-pr">#&gt;</span> 10:lag5 0.10628530 0.09859161 0.10831222 0.12406048 0.1335959 0.1471551</span>
<span class="r-out co"><span class="r-pr">#&gt;</span>            3:lag1    4:lag1    5:lag1     6:lag1    7:lag1     8:lag1    9:lag1</span>
<span class="r-out co"><span class="r-pr">#&gt;</span> 1:t+0   0.4840418 0.5057750 0.4610795 0.49667801 0.5164236 0.38171345 0.5608373</span>
<span class="r-out co"><span class="r-pr">#&gt;</span> 2:t+0   0.5059523 0.5581795 0.5101604 0.47076197 0.5448014 0.41773233 0.5599319</span>
<span class="r-out co"><span class="r-pr">#&gt;</span> 3:t+0   0.5865527 0.5130537 0.4872035 0.50308084 0.5292265 0.38989162 0.4930208</span>
<span class="r-out co"><span class="r-pr">#&gt;</span> 4:t+0   0.5130537 0.5779380 0.5256521 0.46333967 0.5422326 0.42475508 0.5352655</span>
<span class="r-out co"><span class="r-pr">#&gt;</span> 5:t+0   0.4872035 0.5256521 0.5662302 0.42647856 0.4965496 0.45229437 0.4912144</span>
<span class="r-out co"><span class="r-pr">#&gt;</span> 6:t+0   0.5030808 0.4633397 0.4264786 0.61371419 0.4886105 0.34119127 0.4785718</span>
<span class="r-out co"><span class="r-pr">#&gt;</span> 7:t+0   0.5292265 0.5422326 0.4965496 0.48861049 0.5718097 0.39883637 0.5324722</span>
<span class="r-out co"><span class="r-pr">#&gt;</span> 8:t+0   0.3898916 0.4247551 0.4522944 0.34119127 0.3988364 0.55170286 0.4095949</span>
<span class="r-out co"><span class="r-pr">#&gt;</span> 9:t+0   0.4930208 0.5352655 0.4912144 0.47857176 0.5324722 0.40959488 0.6018067</span>
<span class="r-out co"><span class="r-pr">#&gt;</span> 10:t+0  0.4809363 0.5339768 0.5485142 0.42812358 0.5010165 0.46474934 0.5105712</span>
<span class="r-out co"><span class="r-pr">#&gt;</span> 1:lag1  0.7877871 0.8231583 0.7504156 0.80835281 0.8404891 0.62124582 0.9127733</span>
<span class="r-out co"><span class="r-pr">#&gt;</span> 2:lag1  0.8234469 0.9084476 0.8302957 0.76617397 0.8866746 0.67986724 0.9112998</span>
<span class="r-out co"><span class="r-pr">#&gt;</span> 3:lag1  0.9546255 0.8350045 0.7929329 0.81877354 0.8613261 0.63455595 0.8024007</span>
<span class="r-out co"><span class="r-pr">#&gt;</span> 4:lag1  0.8350045 0.9406050 0.8555086 0.75409404 0.8824937 0.69129689 0.8711547</span>
<span class="r-out co"><span class="r-pr">#&gt;</span> 5:lag1  0.7929329 0.8555086 0.9215502 0.69410189 0.8081438 0.73611760 0.7994606</span>
<span class="r-out co"><span class="r-pr">#&gt;</span> 6:lag1  0.8187735 0.7540940 0.6941019 0.99883141 0.7952228 0.55529521 0.7788846</span>
<span class="r-out co"><span class="r-pr">#&gt;</span> 7:lag1  0.8613261 0.8824937 0.8081438 0.79522277 0.9306310 0.64911371 0.8666085</span>
<span class="r-out co"><span class="r-pr">#&gt;</span> 8:lag1  0.6345559 0.6912969 0.7361176 0.55529521 0.6491137 0.89790679 0.6666234</span>
<span class="r-out co"><span class="r-pr">#&gt;</span> 9:lag1  0.8024007 0.8711547 0.7994606 0.77888455 0.8666085 0.66662338 0.9794517</span>
<span class="r-out co"><span class="r-pr">#&gt;</span> 10:lag1 0.7827329 0.8690574 0.8927172 0.69677919 0.8154138 0.75638830 0.8309642</span>
<span class="r-out co"><span class="r-pr">#&gt;</span> 1:lag2  0.4840418 0.5057750 0.4610795 0.49667801 0.5164236 0.38171345 0.5608373</span>
<span class="r-out co"><span class="r-pr">#&gt;</span> 2:lag2  0.5059523 0.5581795 0.5101604 0.47076197 0.5448014 0.41773233 0.5599319</span>
<span class="r-out co"><span class="r-pr">#&gt;</span> 3:lag2  0.5865527 0.5130537 0.4872035 0.50308084 0.5292265 0.38989162 0.4930208</span>
<span class="r-out co"><span class="r-pr">#&gt;</span> 4:lag2  0.5130537 0.5779380 0.5256521 0.46333967 0.5422326 0.42475508 0.5352655</span>
<span class="r-out co"><span class="r-pr">#&gt;</span> 5:lag2  0.4872035 0.5256521 0.5662302 0.42647856 0.4965496 0.45229437 0.4912144</span>
<span class="r-out co"><span class="r-pr">#&gt;</span> 6:lag2  0.5030808 0.4633397 0.4264786 0.61371419 0.4886105 0.34119127 0.4785718</span>
<span class="r-out co"><span class="r-pr">#&gt;</span> 7:lag2  0.5292265 0.5422326 0.4965496 0.48861049 0.5718097 0.39883637 0.5324722</span>
<span class="r-out co"><span class="r-pr">#&gt;</span> 8:lag2  0.3898916 0.4247551 0.4522944 0.34119127 0.3988364 0.55170286 0.4095949</span>
<span class="r-out co"><span class="r-pr">#&gt;</span> 9:lag2  0.4930208 0.5352655 0.4912144 0.47857176 0.5324722 0.40959488 0.6018067</span>
<span class="r-out co"><span class="r-pr">#&gt;</span> 10:lag2 0.4809363 0.5339768 0.5485142 0.42812358 0.5010165 0.46474934 0.5105712</span>
<span class="r-out co"><span class="r-pr">#&gt;</span> 1:lag3  0.2878412 0.3007651 0.2741864 0.29535548 0.3070974 0.22699044 0.3335086</span>
<span class="r-out co"><span class="r-pr">#&gt;</span> 2:lag3  0.3008706 0.3319281 0.3033730 0.27994420 0.3239727 0.24840950 0.3329702</span>
<span class="r-out co"><span class="r-pr">#&gt;</span> 3:lag3  0.3488005 0.3050935 0.2897214 0.29916300 0.3147108 0.23185368 0.2931807</span>
<span class="r-out co"><span class="r-pr">#&gt;</span> 4:lag3  0.3050935 0.3436777 0.3125852 0.27553044 0.3224450 0.25258566 0.3183020</span>
<span class="r-out co"><span class="r-pr">#&gt;</span> 5:lag3  0.2897214 0.3125852 0.3367155 0.25361054 0.2952791 0.26896222 0.2921065</span>
<span class="r-out co"><span class="r-pr">#&gt;</span> 6:lag3  0.2991630 0.2755304 0.2536105 0.36495244 0.2905580 0.20289344 0.2845884</span>
<span class="r-out co"><span class="r-pr">#&gt;</span> 7:lag3  0.3147108 0.3224450 0.2952791 0.29055803 0.3400334 0.23717279 0.3166409</span>
<span class="r-out co"><span class="r-pr">#&gt;</span> 8:lag3  0.2318537 0.2525857 0.2689622 0.20289344 0.2371728 0.32807666 0.2435705</span>
<span class="r-out co"><span class="r-pr">#&gt;</span> 9:lag3  0.2931807 0.3183020 0.2921065 0.28458839 0.3166409 0.24357046 0.3578715</span>
<span class="r-out co"><span class="r-pr">#&gt;</span> 10:lag3 0.2859945 0.3175357 0.3261805 0.25458878 0.2979354 0.27636872 0.3036172</span>
<span class="r-out co"><span class="r-pr">#&gt;</span> 1:lag4  0.1897961 0.1983179 0.1807925 0.19475087 0.2024932 0.14967247 0.2199082</span>
<span class="r-out co"><span class="r-pr">#&gt;</span> 2:lag4  0.1983874 0.2188660 0.2000374 0.18458901 0.2136204 0.16379572 0.2195532</span>
<span class="r-out co"><span class="r-pr">#&gt;</span> 3:lag4  0.2299913 0.2011719 0.1910359 0.19726146 0.2075134 0.15287919 0.1933169</span>
<span class="r-out co"><span class="r-pr">#&gt;</span> 4:lag4  0.2011719 0.2266135 0.2061118 0.18167868 0.2126131 0.16654939 0.2098813</span>
<span class="r-out co"><span class="r-pr">#&gt;</span> 5:lag4  0.1910359 0.2061118 0.2220227 0.16722518 0.1947005 0.17734774 0.1926085</span>
<span class="r-out co"><span class="r-pr">#&gt;</span> 6:lag4  0.1972615 0.1816787 0.1672252 0.24064156 0.1915875 0.13378344 0.1876513</span>
<span class="r-out co"><span class="r-pr">#&gt;</span> 7:lag4  0.2075134 0.2126131 0.1947005 0.19158754 0.2242105 0.15638649 0.2087860</span>
<span class="r-out co"><span class="r-pr">#&gt;</span> 8:lag4  0.1528792 0.1665494 0.1773477 0.13378344 0.1563865 0.21632649 0.1606050</span>
<span class="r-out co"><span class="r-pr">#&gt;</span> 9:lag4  0.1933169 0.2098813 0.1926085 0.18765128 0.2087860 0.16060497 0.2359725</span>
<span class="r-out co"><span class="r-pr">#&gt;</span> 10:lag4 0.1885784 0.2093760 0.2150762 0.16787020 0.1964520 0.18223142 0.2001985</span>
<span class="r-out co"><span class="r-pr">#&gt;</span> 1:lag5  0.1356515 0.1417422 0.1292164 0.13919275 0.1447264 0.10697423 0.1571732</span>
<span class="r-out co"><span class="r-pr">#&gt;</span> 2:lag5  0.1417919 0.1564284 0.1429712 0.13192985 0.1526792 0.11706843 0.1569195</span>
<span class="r-out co"><span class="r-pr">#&gt;</span> 3:lag5  0.1643799 0.1437820 0.1365376 0.14098713 0.1483144 0.10926614 0.1381678</span>
<span class="r-out co"><span class="r-pr">#&gt;</span> 4:lag5  0.1437820 0.1619657 0.1473127 0.12984977 0.1519593 0.11903654 0.1500068</span>
<span class="r-out co"><span class="r-pr">#&gt;</span> 5:lag5  0.1365376 0.1473127 0.1586846 0.11951954 0.1391568 0.12675435 0.1376616</span>
<span class="r-out co"><span class="r-pr">#&gt;</span> 6:lag5  0.1409871 0.1298498 0.1195195 0.17199185 0.1369319 0.09561799 0.1341185</span>
<span class="r-out co"><span class="r-pr">#&gt;</span> 7:lag5  0.1483144 0.1519593 0.1391568 0.13693185 0.1602482 0.11177288 0.1492240</span>
<span class="r-out co"><span class="r-pr">#&gt;</span> 8:lag5  0.1092661 0.1190365 0.1267544 0.09561799 0.1117729 0.15461333 0.1147879</span>
<span class="r-out co"><span class="r-pr">#&gt;</span> 9:lag5  0.1381678 0.1500068 0.1376616 0.13411853 0.1492240 0.11478793 0.1686548</span>
<span class="r-out co"><span class="r-pr">#&gt;</span> 10:lag5 0.1347812 0.1496457 0.1537197 0.11998055 0.1404086 0.13024483 0.1430863</span>
<span class="r-out co"><span class="r-pr">#&gt;</span>           10:lag1    1:lag2    2:lag2    3:lag2    4:lag2    5:lag2    6:lag2</span>
<span class="r-out co"><span class="r-pr">#&gt;</span> 1:t+0   0.4767069 0.3554023 0.3138277 0.2878412 0.3007651 0.2741864 0.2953555</span>
<span class="r-out co"><span class="r-pr">#&gt;</span> 2:t+0   0.5250898 0.3138277 0.3472344 0.3008706 0.3319281 0.3033730 0.2799442</span>
<span class="r-out co"><span class="r-pr">#&gt;</span> 3:t+0   0.4809363 0.2878412 0.3008706 0.3488005 0.3050935 0.2897214 0.2991630</span>
<span class="r-out co"><span class="r-pr">#&gt;</span> 4:t+0   0.5339768 0.3007651 0.3319281 0.3050935 0.3436777 0.3125852 0.2755304</span>
<span class="r-out co"><span class="r-pr">#&gt;</span> 5:t+0   0.5485142 0.2741864 0.3033730 0.2897214 0.3125852 0.3367155 0.2536105</span>
<span class="r-out co"><span class="r-pr">#&gt;</span> 6:t+0   0.4281236 0.2953555 0.2799442 0.2991630 0.2755304 0.2536105 0.3649524</span>
<span class="r-out co"><span class="r-pr">#&gt;</span> 7:t+0   0.5010165 0.3070974 0.3239727 0.3147108 0.3224450 0.2952791 0.2905580</span>
<span class="r-out co"><span class="r-pr">#&gt;</span> 8:t+0   0.4647493 0.2269904 0.2484095 0.2318537 0.2525857 0.2689622 0.2028934</span>
<span class="r-out co"><span class="r-pr">#&gt;</span> 9:t+0   0.5105712 0.3335086 0.3329702 0.2931807 0.3183020 0.2921065 0.2845884</span>
<span class="r-out co"><span class="r-pr">#&gt;</span> 10:t+0  0.5848066 0.2834794 0.3122509 0.2859945 0.3175357 0.3261805 0.2545888</span>
<span class="r-out co"><span class="r-pr">#&gt;</span> 1:lag1  0.7758495 0.5976544 0.5277415 0.4840418 0.5057750 0.4610795 0.4966780</span>
<span class="r-out co"><span class="r-pr">#&gt;</span> 2:lag1  0.8545935 0.5277415 0.5839190 0.5059523 0.5581795 0.5101604 0.4707620</span>
<span class="r-out co"><span class="r-pr">#&gt;</span> 3:lag1  0.7827329 0.4840418 0.5059523 0.5865527 0.5130537 0.4872035 0.5030808</span>
<span class="r-out co"><span class="r-pr">#&gt;</span> 4:lag1  0.8690574 0.5057750 0.5581795 0.5130537 0.5779380 0.5256521 0.4633397</span>
<span class="r-out co"><span class="r-pr">#&gt;</span> 5:lag1  0.8927172 0.4610795 0.5101604 0.4872035 0.5256521 0.5662302 0.4264786</span>
<span class="r-out co"><span class="r-pr">#&gt;</span> 6:lag1  0.6967792 0.4966780 0.4707620 0.5030808 0.4633397 0.4264786 0.6137142</span>
<span class="r-out co"><span class="r-pr">#&gt;</span> 7:lag1  0.8154138 0.5164236 0.5448014 0.5292265 0.5422326 0.4965496 0.4886105</span>
<span class="r-out co"><span class="r-pr">#&gt;</span> 8:lag1  0.7563883 0.3817134 0.4177323 0.3898916 0.4247551 0.4522944 0.3411913</span>
<span class="r-out co"><span class="r-pr">#&gt;</span> 9:lag1  0.8309642 0.5608373 0.5599319 0.4930208 0.5352655 0.4912144 0.4785718</span>
<span class="r-out co"><span class="r-pr">#&gt;</span> 10:lag1 0.9517838 0.4767069 0.5250898 0.4809363 0.5339768 0.5485142 0.4281236</span>
<span class="r-out co"><span class="r-pr">#&gt;</span> 1:lag2  0.4767069 0.9726938 0.8589092 0.7877871 0.8231583 0.7504156 0.8083528</span>
<span class="r-out co"><span class="r-pr">#&gt;</span> 2:lag2  0.5250898 0.8589092 0.9503392 0.8234469 0.9084476 0.8302957 0.7661740</span>
<span class="r-out co"><span class="r-pr">#&gt;</span> 3:lag2  0.4809363 0.7877871 0.8234469 0.9546255 0.8350045 0.7929329 0.8187735</span>
